8.044884310789687243e-01 7.019825210902893575e-01 6.101611868527648808e-01 6.985889428229542508e-01 8.092048348540362701e-01 9.347485883902389991e-01 8.937394142618294568e-01 9.950352074816452008e-01 1.145919857049804591e+00 1.288403263378606667e+00 1.271740330318629653e+00 1.304607998344707642e+00 1.347133106604973651e+00 1.252250208114701113e+00 1.213372217248466445e+00 1.134214974785178853e+00 1.112170948181533614e+00 1.118335905097056493e+00 1.190390744515644972e+00 1.253759211917406802e+00 1.304035218154912634e+00 1.298867173311827550e+00 1.360929235310220697e+00 1.213799353010444726e+00
nan 6.059233704199195047e-01 5.241824340958710637e-01 5.988540053525622797e-01 6.986188338218944915e-01 8.127600111463103572e-01 7.764496673570023821e-01 8.579597566932762875e-01 1.000760216916831702e+00 1.161342557549893684e+00 1.173878394037521922e+00 1.159158944943497360e+00 1.228259234757543172e+00 1.133243000419679625e+00 1.123464159659607109e+00 1.068676925720823068e+00 1.027841483154139368e+00 1.168826163153644515e+00 1.335706268517155237e+00 1.291919965105987611e+00 1.298026087098435699e+00 1.372310753786028847e+00 1.330005223174585804e+00 1.276792407755452441e+00
nan nan 4.593086411960322080e-01 5.350235590536330799e-01 6.265857539890803407e-01 7.329719187185638196e-01 8.533529587024136775e-01 8.403266248132391647e-01 9.815420617569438066e-01 1.145999229644985018e+00 1.016595081732448058e+00 1.008438343915656787e+00 1.159315026103473478e+00 1.029157183318977431e+00 1.030733317722930309e+00 9.386341204850138231e-01 1.006192087054420536e+00 1.180029891123980601e+00 1.226815133798072832e+00 1.295099508506581287e+00 1.470917093483512961e+00 1.405557001521702709e+00 1.379354852177998580e+00 1.300863458683995777e+00
nan nan nan 4.800528010094892162e-01 5.572278774587412498e-01 6.498782789710263463e-01 7.557419517295719258e-01 7.497908363737321169e-01 8.705143256269330942e-01 1.018264642740471793e+00 1.165815677345457768e+00 1.060170318739165118e+00 1.225346559386710332e+00 1.158951281240979458e+00 1.015575250131820262e+00 8.872688713496247326e-01 1.016597584663413656e+00 1.166822338691712257e+00 1.341206064971478096e+00 1.478143821662808222e+00 1.462473410396155415e+00 1.402803493124384904e+00 1.381157050695645427e+00 1.346749547986862083e+00
nan nan nan nan 4.905095750496352158e-01 5.698520584398237832e-01 6.642253953761750873e-01 7.711771550998319791e-01 8.347733335113004527e-01 9.739648998426814197e-01 1.132536739600193076e+00 9.873391210926280026e-01 1.146251029754690620e+00 1.317929507944981093e+00 1.164406706226936095e+00 1.010532046293975306e+00 9.888761010033298993e-01 1.141181902572308449e+00 1.322531948841037863e+00 1.527925333715978606e+00 1.673037671445740227e+00 1.466214310748810146e+00 1.355074052629208214e+00 1.439189914055457375e+00
nan nan nan nan nan 5.090804797407894045e-01 5.934781476683396173e-01 6.958645166358360390e-01 8.158132528395417582e-01 9.541589635968333871e-01 1.116832120335466083e+00 1.146483700990822197e+00 1.015930491681919179e+00 1.165169912798283303e+00 1.073697493426141847e+00 9.435079619152751951e-01 9.728706328831121519e-01 1.124744189613845258e+00 1.304901172196266668e+00 1.514128389156243149e+00 1.741528389859248627e+00 1.522389025755472414e+00 1.465746791836151974e+00 1.391476112626813588e+00
nan nan nan nan nan nan 5.086852038696926259e-01 5.942566792501770001e-01 6.983939783436111659e-01 8.183293605933225079e-01 9.580818138593308886e-01 1.119463583385981398e+00 1.068529459086751565e+00 1.168410042315047193e+00 1.219170755455213584e+00 1.062206628077034587e+00 9.197717327231985651e-01 1.047716765323375654e+00 1.209839507970064343e+00 1.405430074877773716e+00 1.628150125673665016e+00 1.639421080174616741e+00 1.675314786466367778e+00 1.486526455155778859e+00
nan nan nan nan nan nan nan 5.774834390580149135e-01 6.760379456817618982e-01 7.943301437792787967e-01 9.298555878771964656e-01 1.089601632790985875e+00 1.199856657481679356e+00 1.034710644143360003e+00 1.102290495286709859e+00 1.096889917106565804e+00 9.509505658104909775e-01 9.265442364886152804e-01 1.068435491088151057e+00 1.243109252233032258e+00 1.446711226525516647e+00 1.678702484892291569e+00 1.726187335398646994e+00 1.517346848781170099e+00
nan nan nan nan nan nan nan nan 6.375682893905237902e-01 7.455167007315649519e-01 8.750954167851062726e-01 1.024155999847175647e+00 1.201879303745782668e+00 1.156778467613680750e+00 1.133358237483199193e+00 1.256938498447008001e+00 1.086510519207581016e+00 9.386009608261801640e-01 1.019859181560001105e+00 1.181027860158748499e+00 1.375663167054552716e+00 1.598187958960813670e+00 1.534497952129389553e+00 1.337093172867264368e+00
nan nan nan nan nan nan nan nan nan 6.650149588677111145e-01 7.757830198583913761e-01 9.093737178905566543e-01 1.064061090625767481e+00 1.246556548792702390e+00 1.077852460346772734e+00 1.271349920897442587e+00 1.168448247304745724e+00 1.013294218001869584e+00 9.392913792524802963e-01 1.088874581077847292e+00 1.268332574002809743e+00 1.478449075456369499e+00 1.714782161911849290e+00 1.535290631495430436e+00
nan nan nan nan nan nan nan nan nan nan 6.749974400732926538e-01 7.873379333176026007e-01 9.211801082250349326e-01 1.078925513177801498e+00 1.259902026189293256e+00 1.163676718750338956e+00 1.329945324938422768e+00 1.153966608445201381e+00 9.958725973892422756e-01 9.536550328659546549e-01 1.102023572224415382e+00 1.283472005490337686e+00 1.492772051141494138e+00 1.400005989653067218e+00
nan nan nan nan nan nan nan nan nan nan nan 7.163802935763717850e-01 8.342761085714714975e-01 9.731231561087322346e-01 1.136479324725885753e+00 1.305195551027236167e+00 1.191222172009442470e+00 1.223342681530881659e+00 1.062980326414764143e+00 9.178612402026425920e-01 1.061398969077667953e+00 1.235783249725976418e+00 1.439426868895194556e+00 1.617846150960804419e+00
nan nan nan nan nan nan nan nan nan nan nan nan 7.365172378260679276e-01 8.577789879674720952e-01 9.993890559838033427e-01 1.165823422333711168e+00 1.114527429810146408e+00 1.288929302621852457e+00 1.127423531428819903e+00 9.751154536070293366e-01 9.158060942999258769e-01 1.062073008132752960e+00 1.239107726940322785e+00 1.443428657951006944e+00
nan nan nan nan nan nan nan nan nan nan nan nan nan 7.409926059952812727e-01 8.615339725640919211e-01 1.002018770476089227e+00 1.167613003648374725e+00 1.119912585729188947e+00 1.263813817960371289e+00 1.092954663866539722e+00 9.425369799959769646e-01 1.021378818000762134e+00 1.184003176803187340e+00 1.375775905090599327e+00
nan nan nan nan nan nan nan nan nan nan nan nan nan nan 7.682368471126571619e-01 8.944778100328817372e-01 1.040950834180845330e+00 1.211953693084818706e+00 1.106133127289133711e+00 1.192141505798993695e+00 1.037868415404997080e+00 8.973308910421992080e-01 1.019113309378570253e+00 1.184091119436080142e+00
nan nan nan nan nan nan nan nan nan nan nan nan nan nan nan 7.704696512688390397e-01 8.959991029282040609e-01 1.042490800885330415e+00 1.211978069186267160e+00 1.047275854921287497e+00 1.068872904309025706e+00 9.258494958235908845e-01 8.801727734427312599e-01 1.018276266920028039e+00
nan nan nan nan nan nan nan nan nan nan nan nan nan nan nan nan 7.729083887796895924e-01 8.979151088555602511e-01 1.044127401560416946e+00 1.211974281820846322e+00 1.182894738906121734e+00 1.068810503209606466e+00 9.469364157657321757e-01 8.797691461241813338e-01
nan nan nan nan nan nan nan nan nan nan nan nan nan nan nan nan nan 8.187365690072111457e-01 9.509790391557336742e-01 1.104468913584173873e+00 1.272279561920978352e+00 1.223234787967804937e+00 1.088683148200275674e+00 9.424616197680443230e-01
nan nan nan nan nan nan nan nan nan nan nan nan nan nan nan nan nan nan 8.875219386757863260e-01 1.029552561878997796e+00 1.192132280424376578e+00 1.074209129705851584e+00 1.200876582057930797e+00 1.089013787007715450e+00
nan nan nan nan nan nan nan nan nan nan nan nan nan nan nan nan nan nan nan 8.857935699448401534e-01 1.029848795936813666e+00 1.192679829914201406e+00 1.042164978922518692e+00 1.200174925348661326e+00
nan nan nan nan nan nan nan nan nan nan nan nan nan nan nan nan nan nan nan nan 8.863463620467960657e-01 1.029105282204130667e+00 1.161184375707637884e+00 1.051040355817048688e+00
nan nan nan nan nan nan nan nan nan nan nan nan nan nan nan nan nan nan nan nan nan 8.894876877721525910e-01 9.774216879556448800e-01 1.133007591157362270e+00
nan nan nan nan nan nan nan nan nan nan nan nan nan nan nan nan nan nan nan nan nan nan 8.396567634886081821e-01 9.761477139558413230e-01
nan nan nan nan nan nan nan nan nan nan nan nan nan nan nan nan nan nan nan nan nan nan nan 8.228050561767766835e-01
