4.708096509236959770e-01 5.442488586112604887e-01 5.918237082456482279e-01 6.878503703509534217e-01 7.675933562040097025e-01 8.848093825805743995e-01 8.571416405832396057e-01 9.864305723528042913e-01 1.136621721071519708e+00 1.217620107718788702e+00 1.229104079008707107e+00 1.244734634764149916e+00 1.271459727589837829e+00 1.223982253767526451e+00 1.182634584804717726e+00 1.067500861634048892e+00 1.155493628094812042e+00 1.137996031880997627e+00 1.230972342085207671e+00 1.239533197694720368e+00 1.308240805193104705e+00 1.479534857846684037e+00 1.503300754040922893e+00 1.431533177107775501e+00
nan 4.737304069688584862e-01 5.063092664243941110e-01 5.913635833243852113e-01 6.866114581253209836e-01 7.785245814577209655e-01 7.431858645587977596e-01 8.499959706271417170e-01 9.914025853259808008e-01 1.150180192841725013e+00 1.154168100834529032e+00 1.153422117328858576e+00 1.204864864761383991e+00 1.156136108329295364e+00 1.030585569655401823e+00 1.019043704780096871e+00 1.099034715260772899e+00 1.240896045150921001e+00 1.394548891682978464e+00 1.234116961821088765e+00 1.392237391050294981e+00 1.478716974218702518e+00 1.446897502640431821e+00 1.467810431728620912e+00
nan nan 4.415520663849149541e-01 5.130268431348100622e-01 5.986375421133781627e-01 6.979358611553495573e-01 8.105103338999505302e-01 8.291064098176200714e-01 9.684796494595609984e-01 1.130464601125249047e+00 1.003784340572665190e+00 1.005694124637663389e+00 1.153360550865522693e+00 1.020612287658167805e+00 9.729264944865957387e-01 9.021420664352010066e-01 1.027498038268570557e+00 1.172157112176188232e+00 1.318311650469762508e+00 1.347721045749402435e+00 1.365841201701890828e+00 1.510916931418759379e+00 1.461908591634953236e+00 1.470068959435216982e+00
nan nan nan 4.530004932415240271e-01 5.248734693736097912e-01 6.114722823441728350e-01 7.107333496935211992e-01 7.408539481118002756e-01 8.600295276030166525e-01 1.005782983967880018e+00 1.147549705262530750e+00 1.049804168942661153e+00 1.212436622173208356e+00 1.152911225605200318e+00 1.009985553121388602e+00 8.925643556981625037e-01 1.024068413556082469e+00 1.179439708907998430e+00 1.358357485007515741e+00 1.535853279959221496e+00 1.602885224213494109e+00 1.616962728252725245e+00 1.589444948133100333e+00 1.464463091649224502e+00
nan nan nan nan 4.626510994113915975e-01 5.365658100842750633e-01 6.243090401644849630e-01 7.241437623575838201e-01 8.255978388321262296e-01 9.632461013078740253e-01 1.119777431973594695e+00 9.842556217554766507e-01 1.142774325596679574e+00 1.313008592018208187e+00 1.155766740311444440e+00 1.003944082005346683e+00 1.004657170838524571e+00 1.159243733327763426e+00 1.343962131772575841e+00 1.554354142102837955e+00 1.787728043651369614e+00 1.838709448937130286e+00 1.708591842943020467e+00 1.615189456492694742e+00
nan nan nan nan nan 5.051146993837353216e-01 5.886873323886895326e-01 6.876899045740513250e-01 8.035243403358333092e-01 9.377656404662758627e-01 1.096619949655316173e+00 1.142783631703037095e+00 1.009481288826952206e+00 1.156928880363968126e+00 1.051493143066935421e+00 9.219852280060497618e-01 9.828498557247909995e-01 1.136605942527310731e+00 1.320026345079551078e+00 1.534586459044403828e+00 1.775356645154402724e+00 1.860856847373191680e+00 1.835620454656595957e+00 1.834516477574743121e+00
nan nan nan nan nan nan 5.037655119615612742e-01 5.889258709662893443e-01 6.895557067362646508e-01 8.058482133880656706e-01 9.422093675636195043e-01 1.100069380557388676e+00 1.077802971587903613e+00 1.241727504151493910e+00 1.197939069063346462e+00 1.049900637839407569e+00 9.145541886539462206e-01 1.059687646188256949e+00 1.232229797461081855e+00 1.435884320551349180e+00 1.668225393639567677e+00 1.933517995301500036e+00 1.847548634239190690e+00 1.638385140950799013e+00
nan nan nan nan nan nan nan 5.682411559535817114e-01 6.643934256235951574e-01 7.797186891865338643e-01 9.108976964265248499e-01 1.068054493994305520e+00 1.240537943428840162e+00 1.077904134319327856e+00 1.243056229507533583e+00 1.091924082783209293e+00 9.477350504684159960e-01 9.444907704592114817e-01 1.089094102768164873e+00 1.267307310486287975e+00 1.475188102886515029e+00 1.711996565506755275e+00 1.920418943546395862e+00 1.682359719287701338e+00
nan nan nan nan nan nan nan nan 6.304003311205478299e-01 7.371178038081830364e-01 8.647856677517934409e-01 1.011759107373349842e+00 1.187188807524570233e+00 1.087962892866418674e+00 1.224919890294719149e+00 1.255469749490359721e+00 1.086048873782406332e+00 9.385873143398143492e-01 1.046693134794814739e+00 1.212062263398796080e+00 1.412013265470381640e+00 1.640362378650528807e+00 1.671681061925371026e+00 1.453011590822302246e+00
nan nan nan nan nan nan nan nan nan 6.599991673507493717e-01 7.695871941640396452e-01 9.018738631330219802e-01 1.054537713616699346e+00 1.234780650848212424e+00 1.085463941928951126e+00 1.256700184318142899e+00 1.162426696083266542e+00 1.009432170014064933e+00 9.577832186207760889e-01 1.110398216457913367e+00 1.293869210357810218e+00 1.508955933789376758e+00 1.751902415998494167e+00 1.642639434946061794e+00
nan nan nan nan nan nan nan nan nan nan 6.730734288077296901e-01 7.850798593531013170e-01 9.182968577485776107e-01 1.075711753648894486e+00 1.257262041444240808e+00 1.152213881452329058e+00 1.320310248334065406e+00 1.146642879388999336e+00 9.900170962792164131e-01 9.763991589017561035e-01 1.128177712321431603e+00 1.314843127624321095e+00 1.531948823714472940e+00 1.771079519982056816e+00
nan nan nan nan nan nan nan nan nan nan nan 7.098292951910060156e-01 8.264767091302961388e-01 9.639514527124940502e-01 1.125399050959857927e+00 1.213443200865268246e+00 1.315223395738628565e+00 1.223643417663177857e+00 1.070534413465863199e+00 9.258209863183598509e-01 1.075495750895123059e+00 1.254128298923059770e+00 1.464150239570453760e+00 1.698335942743241844e+00
nan nan nan nan nan nan nan nan nan nan nan nan 7.337872867799456467e-01 8.546001709127907242e-01 9.959525788178601458e-01 1.161907942736030375e+00 1.146641971607168298e+00 1.314064602785652180e+00 1.134321142674290961e+00 9.787154911462202511e-01 9.307283855467184397e-01 1.079522439926604349e+00 1.259769054858469683e+00 1.468264267454993277e+00
nan nan nan nan nan nan nan nan nan nan nan nan nan 7.375294780919766646e-01 8.575515135930126265e-01 9.978335773498067107e-01 1.163472484900756498e+00 1.142763102414176224e+00 1.259310920335747763e+00 1.090061209468954129e+00 9.403497821766023668e-01 1.019649503467555895e+00 1.184571136275058834e+00 1.376754294549889845e+00
nan nan nan nan nan nan nan nan nan nan nan nan nan nan 7.663315662382760296e-01 8.922136819752352066e-01 1.038374788734513388e+00 1.208932069510336937e+00 1.100087023383736984e+00 1.163617591752934111e+00 1.019048008990950827e+00 8.801491617873721252e-01 1.019291655249509265e+00 1.185072176502778962e+00
nan nan nan nan nan nan nan nan nan nan nan nan nan nan nan 7.683851515208132144e-01 8.937318801447798888e-01 1.039788894800207419e+00 1.209102681549385494e+00 1.044494691295875910e+00 1.066030317393138471e+00 9.239663995167645139e-01 8.811895859672097542e-01 1.019115969892456786e+00
nan nan nan nan nan nan nan nan nan nan nan nan nan nan nan nan 7.705992203988115685e-01 8.952827439718015201e-01 1.041457338956483625e+00 1.209124102194744754e+00 1.159610394371245690e+00 1.065483762448262262e+00 9.475895708546154816e-01 8.804791938954722452e-01
nan nan nan nan nan nan nan nan nan nan nan nan nan nan nan nan nan 8.149825675637639710e-01 9.464113896926314995e-01 1.099052483731467689e+00 1.265119111144116903e+00 1.215926522075775562e+00 1.088733543619360145e+00 9.424240852740178864e-01
nan nan nan nan nan nan nan nan nan nan nan nan nan nan nan nan nan nan 8.817634332406926179e-01 1.022018513193776013e+00 1.183050862322233776e+00 1.070213646182505141e+00 1.193149266757193239e+00 1.088706846758104696e+00
nan nan nan nan nan nan nan nan nan nan nan nan nan nan nan nan nan nan nan 8.806383841036308224e-01 1.023370075662515255e+00 1.184180675798429672e+00 1.036025433345812985e+00 1.191238300057782418e+00
nan nan nan nan nan nan nan nan nan nan nan nan nan nan nan nan nan nan nan nan 8.812425816077845697e-01 1.022823123170232940e+00 1.157451114415813720e+00 1.043496750104093707e+00
nan nan nan nan nan nan nan nan nan nan nan nan nan nan nan nan nan nan nan nan nan 8.849807855976027371e-01 9.752093481735452096e-01 1.130635440059088115e+00
nan nan nan nan nan nan nan nan nan nan nan nan nan nan nan nan nan nan nan nan nan nan 8.372146699130386116e-01 9.739360120914403174e-01
nan nan nan nan nan nan nan nan nan nan nan nan nan nan nan nan nan nan nan nan nan nan nan 8.214238158205499074e-01
