3.216101669496319593e-01 3.905212609955045489e-01 4.701447064991673974e-01 5.673863349086992747e-01 6.675434619102543765e-01 7.699067020573920894e-01 8.837328327086625412e-01 9.706291212918750633e-01 1.140090539024964045e+00 9.858670225539191145e-01 8.603718047480245490e-01 8.402131160601148396e-01 9.917238385775229981e-01 8.732100645505317393e-01 9.644236828031843567e-01 9.557566751588323362e-01 1.070245445341485802e+00 9.741545644827734884e-01 1.147426453970700422e+00 1.098407154581740208e+00 1.241034287405944792e+00 1.063017820215274245e+00 1.082641096573639050e+00 1.119994156054528123e+00
nan 3.234427106609151226e-01 3.913146636345311569e-01 4.693127355363552189e-01 5.617584213915872704e-01 6.719075712011043366e-01 7.479229220532545019e-01 8.042740387456240869e-01 9.705400441760821950e-01 1.142767805422943095e+00 9.911061040229772745e-01 9.278357136804201710e-01 1.039862507820485060e+00 9.355079098441797525e-01 8.571906739838982547e-01 9.833794655199806778e-01 9.291460898927154100e-01 1.056608440677301530e+00 1.160825791026192988e+00 1.208330913851169974e+00 1.165615009857532414e+00 1.086634662111532368e+00 1.072416844367768185e+00 1.025098509538798996e+00
nan nan 3.234385707040560165e-01 3.912521207251263844e-01 4.680672749934685628e-01 5.610931967187074987e-01 6.378381673559937459e-01 6.659823855303245166e-01 8.044672881701190326e-01 9.702515301651534196e-01 8.370455590515671895e-01 7.914882469164322698e-01 8.990570792197266625e-01 7.825963984852452038e-01 7.349930669538492500e-01 8.488093374349526821e-01 9.835226162328732924e-01 1.118811856277972083e+00 1.277518853657142017e+00 1.354497776608072801e+00 1.235112613892982658e+00 1.251713304639665125e+00 1.075570816192621848e+00 1.058845853692776284e+00
nan nan nan 3.249927701095133292e-01 3.892057206488014343e-01 4.672116412214496473e-01 5.408805489845308623e-01 6.135689117418895444e-01 7.319362369665186607e-01 8.838881085890099021e-01 7.630341458239798813e-01 7.168969108930397516e-01 8.447852951581132919e-01 7.239600254343284691e-01 7.936699254322457930e-01 8.853098602540160345e-01 1.036629068864686420e+00 1.220029006608917665e+00 1.449185445415802409e+00 1.586056092709890564e+00 1.407367380201348439e+00 1.210886346974383354e+00 1.094108341859708844e+00 1.123249408395173177e+00
nan nan nan nan 3.702677046711150277e-01 4.414420560191055776e-01 5.277815145036214295e-01 6.275519119291882442e-01 7.307316781272178430e-01 8.750474669148532447e-01 9.006187762999015023e-01 7.700289659387949959e-01 7.221866517330802759e-01 8.226362996183652632e-01 9.422075013011893541e-01 8.892133420881239703e-01 1.046607853491440032e+00 1.245803581650785752e+00 1.491488908334266839e+00 1.774655926219466995e+00 1.659468608576212034e+00 1.409712399033797414e+00 1.261271033384003371e+00 1.100353441062076776e+00
nan nan nan nan nan 4.100736318441727812e-01 4.941434327187944620e-01 6.028467608510611475e-01 7.306256394255173925e-01 8.790735183288894694e-01 1.061127928625374306e+00 9.136312388791528738e-01 8.050628302632983901e-01 8.869559122353608549e-01 7.931843432738113764e-01 7.754783556036562997e-01 9.083751318127165630e-01 1.079823824273903998e+00 1.289660177540388197e+00 1.542434883914098886e+00 1.568722239756240366e+00 1.720206049367941858e+00 1.467986181733485829e+00 1.278419316697280372e+00
nan nan nan nan nan nan 4.096711611964335420e-01 4.949243430206581307e-01 6.043779083228270066e-01 7.321731149252100890e-01 8.834986894228585852e-01 1.065832448594603576e+00 9.411937895492811235e-01 1.038063372110742399e+00 8.887361685829638924e-01 8.726891393845758182e-01 8.556186412583627332e-01 1.019263664788712109e+00 1.226790721621019653e+00 1.482355721236722434e+00 1.365731626460906067e+00 1.527649354836186912e+00 1.736778828853628553e+00 1.495102509087806286e+00
nan nan nan nan nan nan nan 4.237119530285157198e-01 5.140277347211160697e-01 6.263570642153665213e-01 7.534316263695287619e-01 9.126801727702081868e-01 7.980672142874501995e-01 8.769641556631077028e-01 8.485104605931218513e-01 9.941887219527955066e-01 8.441761922022018583e-01 9.612373024838883895e-01 1.059408927716625204e+00 1.267169843999079948e+00 1.518231935065789795e+00 1.781564765024047592e+00 1.521626035659031206e+00 1.763012970238313049e+00
nan nan nan nan nan nan nan nan 4.381329292360084393e-01 5.311159457325510536e-01 6.461045379106767905e-01 7.796555807245680869e-01 9.459366558965901506e-01 8.344662176963454359e-01 9.865322808149924461e-01 1.163214105668028076e+00 9.971768762601930236e-01 9.071695729902243821e-01 1.078350577261023346e+00 1.292822176880334073e+00 1.559994478557686470e+00 1.843167251307957333e+00 1.516683793259211654e+00 1.831802781231323785e+00
nan nan nan nan nan nan nan nan nan 5.169992989656057025e-01 6.221748951866176158e-01 7.505325456430177455e-01 8.163970926836278119e-01 9.832179911659323368e-01 9.813610178212871515e-01 1.191618198283812990e+00 1.032837448971084093e+00 8.831548327047670233e-01 9.331462579536647928e-01 1.110673866715110147e+00 1.335463047890486088e+00 1.609403574747028109e+00 1.862788487742077947e+00 2.192495582171091861e+00
nan nan nan nan nan nan nan nan nan nan 5.459128942074628066e-01 6.586970606574303888e-01 7.978204675110797117e-01 9.698830368356202714e-01 1.176706384854982801e+00 1.006253953192046247e+00 8.752021257529224441e-01 1.035402486351514550e+00 8.573909067794726058e-01 9.996639907251713142e-01 1.145960755782921670e+00 1.376735587212392975e+00 1.654499841203511235e+00 1.975758864508664114e+00
nan nan nan nan nan nan nan nan nan nan nan 6.274413727797280016e-01 7.563218354723427739e-01 9.118970671867229205e-01 1.098134422100915941e+00 9.432614678820915310e-01 1.033534480304501013e+00 1.015469418260444456e+00 1.035440644877318572e+00 8.405516451704312386e-01 9.882342239288887109e-01 1.184522642277394233e+00 1.428173692939907813e+00 1.710498551430715608e+00
nan nan nan nan nan nan nan nan nan nan nan nan 6.478105321029726804e-01 7.804751578106746690e-01 9.369057251545217513e-01 1.122252429725478784e+00 9.985314396933419046e-01 1.187224600761977999e+00 1.014438961896330316e+00 8.652415249835178068e-01 8.334703018492272131e-01 9.880871165308121595e-01 1.190291999605064266e+00 1.436535480996424585e+00
nan nan nan nan nan nan nan nan nan nan nan nan nan 6.524882249169124959e-01 7.838095523888942706e-01 9.396016001136325846e-01 1.132374986820918306e+00 1.004884975531318059e+00 1.177909094125617617e+00 1.020834670783274500e+00 8.697882786285696666e-01 1.029926181514286387e+00 1.233678206600107519e+00 1.484041202310104612e+00
nan nan nan nan nan nan nan nan nan nan nan nan nan nan 6.673884055324926790e-01 8.042898403041737199e-01 9.672869613962177260e-01 1.161476630550586364e+00 9.964787050528413070e-01 8.768450634938164123e-01 1.048273826996344749e+00 8.698493228897105078e-01 1.028003389728819883e+00 1.233498391869603417e+00
nan nan nan nan nan nan nan nan nan nan nan nan nan nan nan 6.702926673162060700e-01 8.073142891077790262e-01 9.733065701371391709e-01 1.172885888292216627e+00 9.806319993272233360e-01 9.036830034774637754e-01 7.693633708063903898e-01 8.684247789077713664e-01 1.027391788642260995e+00
nan nan nan nan nan nan nan nan nan nan nan nan nan nan nan nan 6.742097996526857928e-01 8.103311264167832872e-01 9.756936461894153423e-01 1.172985669690073784e+00 1.006436361147929670e+00 8.959726118566516684e-01 1.027268225353157760e+00 8.684669461014574710e-01
nan nan nan nan nan nan nan nan nan nan nan nan nan nan nan nan nan 6.798994318481251797e-01 8.168751170099247672e-01 9.814549327256097966e-01 8.773181298234206116e-01 1.021913751210106636e+00 1.214241549058100222e+00 1.028474010021521057e+00
nan nan nan nan nan nan nan nan nan nan nan nan nan nan nan nan nan nan 7.192425456058105793e-01 8.598097957361409138e-01 1.019484600390481166e+00 9.776987118228931406e-01 1.157189551495554802e+00 1.249435749624958181e+00
nan nan nan nan nan nan nan nan nan nan nan nan nan nan nan nan nan nan nan 7.998516784152119863e-01 9.631838090854368817e-01 1.155099177104204955e+00 9.757707629267590166e-01 1.162094881369981625e+00
nan nan nan nan nan nan nan nan nan nan nan nan nan nan nan nan nan nan nan nan 8.027504597462123970e-01 9.653011808741961408e-01 1.158619683465369476e+00 9.802895140597053247e-01
nan nan nan nan nan nan nan nan nan nan nan nan nan nan nan nan nan nan nan nan nan 8.165018676843504020e-01 9.793298260972821412e-01 1.162490626391062154e+00
nan nan nan nan nan nan nan nan nan nan nan nan nan nan nan nan nan nan nan nan nan nan 8.079886614820414037e-01 9.793262210607928120e-01
nan nan nan nan nan nan nan nan nan nan nan nan nan nan nan nan nan nan nan nan nan nan nan 8.054049111965954078e-01
