1.033128862679629778e-01 1.227685674288715445e-01 1.471552165870856355e-01 1.763707254825129800e-01 2.117985815468944599e-01 2.545323927044255141e-01 3.055641085182502215e-01 3.659998723671830101e-01 4.347335246356481830e-01 4.431442616206030527e-01 3.964243725733126444e-01 4.514174406374714676e-01 5.137341075581286498e-01 5.814423318383387107e-01 6.626474019564597695e-01 7.546886542300922374e-01 8.588886781841541529e-01 9.771296821512077679e-01 1.110476471247340946e+00 1.260067833531985926e+00 1.425977521667967984e+00 1.611494981445358743e+00 1.729272311175829469e+00 1.602457021037572371e+00
nan 1.034301163563579040e-01 1.230910269837462989e-01 1.471928237507621473e-01 1.766320161740982941e-01 2.127279239662261956e-01 2.558682417009593424e-01 3.067209495075661208e-01 3.688897944207772950e-01 4.381401791053659567e-01 4.084699440325715303e-01 4.784001535294920560e-01 5.511816337435354596e-01 5.767633608632561915e-01 6.061842448579496390e-01 6.946000808712516905e-01 7.999413127044804339e-01 9.239458175839511123e-01 1.066004591835826520e+00 1.228686145412100306e+00 1.414794615655896148e+00 1.627454060073028508e+00 1.870183209081004438e+00 1.927084646161822512e+00
nan nan 1.031825035824064374e-01 1.232530373340164909e-01 1.481771408691702208e-01 1.787020401242541690e-01 2.155623916264145512e-01 2.588232934802959795e-01 3.117504439923398651e-01 3.738292127539556420e-01 3.452042807608689534e-01 4.075648638469212548e-01 4.794203791455035057e-01 5.034524594988095680e-01 5.801325785504790611e-01 6.790573945763330732e-01 8.022302718140731370e-01 9.486471366608856259e-01 1.121399329620901053e+00 1.322873081925562300e+00 1.558361932366724822e+00 1.833300379481062503e+00 2.148298558321933172e+00 2.239529264299273681e+00
nan nan nan 1.106502659646285691e-01 1.312895924594211783e-01 1.575234680319314018e-01 1.895002157809747567e-01 2.267580095084561487e-01 2.713308357744156352e-01 3.255282718181776724e-01 3.306821041109963000e-01 3.873269913220714900e-01 4.602984169082177113e-01 5.443754464059328280e-01 6.435901433259542115e-01 7.640551634403073278e-01 9.122512718886296446e-01 1.091192275430990843e+00 1.304919112704459039e+00 1.550649198368997173e+00 1.829064443202749413e+00 2.146896066665477498e+00 2.505179411620993335e+00 2.566690780091684054e+00
nan nan nan nan 1.155142697143501929e-01 1.375583349458650018e-01 1.650773250253075863e-01 1.986193800158845280e-01 2.386675377752031091e-01 2.879352763557522232e-01 3.468494658880206805e-01 4.159008000507692371e-01 5.005459096489882631e-01 6.006800985893600009e-01 7.180600034536265275e-01 8.550661381910383829e-01 1.026749419307854350e+00 1.238186677162196325e+00 1.495016286786397863e+00 1.796018760717173812e+00 2.139136258866475959e+00 2.520715100633749373e+00 2.917572143830122311e+00 2.964493880588940478e+00
nan nan nan nan nan 1.248802033528383371e-01 1.488218887927742484e-01 1.790421317156295489e-01 2.155508412988490496e-01 2.595611676912018551e-01 3.139195024436584047e-01 3.783079637574900955e-01 4.560093947876192599e-01 5.499867621099542303e-01 6.614931371502367208e-01 7.944131862957718448e-01 9.556487394474973973e-01 1.155549885156655687e+00 1.400859287374375928e+00 1.698165218096096218e+00 2.048889054440080848e+00 2.459333379704161882e+00 2.926339560038841547e+00 3.445638471811686809e+00
nan nan nan nan nan nan 1.438889121199661281e-01 1.724656224202573140e-01 2.088638484179105026e-01 2.527815939713170534e-01 3.062829022867211703e-01 3.714376947921026462e-01 4.494401771522206213e-01 5.444927271879546060e-01 6.591805512790603894e-01 7.974060860102557546e-01 9.646207646290761994e-01 1.172277869107483106e+00 1.427885828187254180e+00 1.740712454540148890e+00 2.114184479363504732e+00 2.555119292475661830e+00 3.070787593840311303e+00 3.658255111365411150e+00
nan nan nan nan nan nan nan 1.623209127781083394e-01 1.948798311641596337e-01 2.359576550001173390e-01 2.847636499598710236e-01 3.452916860690130596e-01 4.169462895897838584e-01 5.032139518936938893e-01 6.091404445611766638e-01 7.371738874820291665e-01 8.917668368624470654e-01 1.082131344408840956e+00 1.317278015825351645e+00 1.608367790674873454e+00 1.961216346341671635e+00 2.381232684560686597e+00 2.872105707876366765e+00 3.439558093257569116e+00
nan nan nan nan nan nan nan nan 2.108809313905267713e-01 2.533627427659551623e-01 3.061893075603657755e-01 3.685406193027330746e-01 4.464308498561128102e-01 5.348750556696953984e-01 6.436607126256491673e-01 7.758548452785859473e-01 9.326796225075298929e-01 1.122032587415274563e+00 1.361253790727349422e+00 1.657165604467515152e+00 2.020816922135848070e+00 2.445484755897504581e+00 2.947152812474469918e+00 3.508649863160544502e+00
nan nan nan nan nan nan nan nan nan 2.987137883630491819e-01 3.580495569702862868e-01 4.323316767460648746e-01 5.187933003151597999e-01 6.252374727225588069e-01 6.325662622825719561e-01 7.586670891059580368e-01 8.920810196604328501e-01 9.366523488382066942e-01 1.123249848322587230e+00 1.363428698417624929e+00 1.661358637027253060e+00 2.022875590873197460e+00 2.447398338679916296e+00 2.947360785635177560e+00
nan nan nan nan nan nan nan nan nan nan 3.632512061965252892e-01 4.361146782811488043e-01 5.252861186566365470e-01 6.330906942141892868e-01 7.586927829118749189e-01 6.379454077467153761e-01 7.586141131396716419e-01 8.922560590045948148e-01 9.310903630524641761e-01 1.123425429710329659e+00 1.364176508974646929e+00 1.662363157220255072e+00 2.021179682249576892e+00 2.447176270563778733e+00
nan nan nan nan nan nan nan nan nan nan nan 4.346149488038183462e-01 5.211891803364959719e-01 6.261250786507305266e-01 7.537959680968951970e-01 6.729525009363838128e-01 6.452132126612114549e-01 7.607586871611503598e-01 7.948487312110573688e-01 9.282432386836950711e-01 1.123546239652423839e+00 1.368740723836862738e+00 1.664610398302744265e+00 2.021948744093665429e+00
nan nan nan nan nan nan nan nan nan nan nan nan 4.696911618737472649e-01 5.631233944876806730e-01 6.728439024949742775e-01 8.023848729676518188e-01 6.741700271638636499e-01 8.032791274999341313e-01 9.274088947585749088e-01 7.767561836655009211e-01 9.280226794208509267e-01 1.123647006299861584e+00 1.368366724697865688e+00 1.664743440538364538e+00
nan nan nan nan nan nan nan nan nan nan nan nan nan 4.731152707022577841e-01 5.653475151017534062e-01 6.735584919813780713e-01 8.025178240611811065e-01 6.740487190693628117e-01 8.015157846192578761e-01 9.100459670063784090e-01 7.720473147296539329e-01 9.272784927921332576e-01 1.123508427653813424e+00 1.368443044583420587e+00
nan nan nan nan nan nan nan nan nan nan nan nan nan nan 4.734906093348821843e-01 5.665756581109463452e-01 6.741675539367054659e-01 8.012920753660298656e-01 6.743576390957374267e-01 7.739277166090444693e-01 6.650165787857854616e-01 7.692796005962606598e-01 9.257051962579682103e-01 1.123386574668243210e+00
nan nan nan nan nan nan nan nan nan nan nan nan nan nan nan 4.745232328545226919e-01 5.670734221943981579e-01 6.744465782373115781e-01 7.729211589105638991e-01 6.545729950902564598e-01 7.673136566624459975e-01 6.471815315922541112e-01 7.690845401956939442e-01 9.254131918293663217e-01
nan nan nan nan nan nan nan nan nan nan nan nan nan nan nan nan 4.762779933823336753e-01 5.677146587956128920e-01 6.744808227414867963e-01 7.754871824628911670e-01 6.696219489351215026e-01 7.322861598329913901e-01 6.523208040625813053e-01 7.693225354380633929e-01
nan nan nan nan nan nan nan nan nan nan nan nan nan nan nan nan nan 5.626196544272888955e-01 6.722441462295613013e-01 8.006559202701114542e-01 7.841662285423806056e-01 6.734916012209256619e-01 7.732458638074005686e-01 6.513394845068364303e-01
nan nan nan nan nan nan nan nan nan nan nan nan nan nan nan nan nan nan 6.556076886410012738e-01 7.829921977396389066e-01 9.268133297431363493e-01 7.832070434340391296e-01 8.587694839528275947e-01 7.735841438024889660e-01
nan nan nan nan nan nan nan nan nan nan nan nan nan nan nan nan nan nan nan 6.552264049642338994e-01 7.831616562892861344e-01 9.281176217628642755e-01 7.810905994874640657e-01 7.160518014128957054e-01
nan nan nan nan nan nan nan nan nan nan nan nan nan nan nan nan nan nan nan nan 6.555215743147265739e-01 7.824895317207501977e-01 9.288659965111348837e-01 7.832252445481971970e-01
nan nan nan nan nan nan nan nan nan nan nan nan nan nan nan nan nan nan nan nan nan 6.585726877669245694e-01 7.723193258409136730e-01 9.226431270059113343e-01
nan nan nan nan nan nan nan nan nan nan nan nan nan nan nan nan nan nan nan nan nan nan 6.421469425734979142e-01 7.722717615869524321e-01
nan nan nan nan nan nan nan nan nan nan nan nan nan nan nan nan nan nan nan nan nan nan nan 6.389211620197911001e-01
