1.000000000009947376e-01 1.000000001406818884e-01 1.000049512094564053e-01 1.142105158471081738e-01 1.333725325286457819e-01 1.563194811619573743e-01 1.820226966552768166e-01 2.114976608115092249e-01 2.466103743534650006e-01 2.846255713546156363e-01 3.274525362024734987e-01 3.782700493949299192e-01 4.375023079480343524e-01 5.059094460027969697e-01 5.848420174241540925e-01 6.736860315169775903e-01 7.770600214547519480e-01 8.943039833523517279e-01 1.025874712204243977e+00 1.112475489434893827e+00 1.308144035435260477e+00 1.389710123732767588e+00 1.514483775327713833e+00 1.633804019502137717e+00
nan 1.000000000002053691e-01 1.000000000245407916e-01 1.000170413821840354e-01 1.173159059767902024e-01 1.391884605777328199e-01 1.630546171665950839e-01 1.883586578886252694e-01 2.238333465947744960e-01 2.634262948996325404e-01 3.050300176442372058e-01 3.551753129078559779e-01 4.108441615872385766e-01 4.702764690378783419e-01 5.290208639633638965e-01 6.069005988808048313e-01 6.992740881976232670e-01 8.079663671071851683e-01 9.325745016304024526e-01 1.074362287038061137e+00 1.234375459230434124e+00 1.413862397255531089e+00 1.616627584753234981e+00 1.849022399167597364e+00
nan nan 1.000000000002286837e-01 1.000000000014585888e-01 1.023183961756751748e-01 1.212460206017996756e-01 1.436044684845562136e-01 1.660272317932426356e-01 1.973843661374349301e-01 2.344244616768539347e-01 2.591919771483645052e-01 3.050672792520802146e-01 3.589874309856556645e-01 4.208371260885593879e-01 4.933161611064534879e-01 5.803950159479952520e-01 6.863967920288037705e-01 8.119827800210038804e-01 9.598654555604785310e-01 1.132072366872191704e+00 1.332809616124902341e+00 1.566717044233056022e+00 1.836137998895052803e+00 2.116733046809704089e+00
nan nan nan 1.000000000005153433e-01 1.000000063216416324e-01 1.176756816919045656e-01 1.398794578281178369e-01 1.651632138823914131e-01 1.955411255933122705e-01 2.342190694700846398e-01 2.773821842168352481e-01 3.289154491709890271e-01 3.920939817773970715e-01 4.654369710189613096e-01 5.517307914508099431e-01 6.555291344249704055e-01 7.823804685330485453e-01 9.351103681273179591e-01 1.117235837346909122e+00 1.326547845463115660e+00 1.563452425432499737e+00 1.836181629876347365e+00 2.137566000364091501e+00 2.432521388385220362e+00
nan nan nan nan 1.033453223024175527e-01 1.223383615023564408e-01 1.462313443486543685e-01 1.749850442000820960e-01 2.085198392068553508e-01 2.503174534864368583e-01 3.001563454283605603e-01 3.588001250012956556e-01 4.312213396000251775e-01 5.175121630823734664e-01 6.192122748526428522e-01 7.378009014727769932e-01 8.851497050385569443e-01 1.066040359261067660e+00 1.285480278213338767e+00 1.542575193961717162e+00 1.834559598852374851e+00 2.154732118462435064e+00 2.485827236633185056e+00 2.799115898379853196e+00
nan nan nan nan nan 1.198647602273833490e-01 1.424030204132845645e-01 1.710418584161940148e-01 2.054483380518689062e-01 2.467601814893464196e-01 2.976762642188938157e-01 3.574309815744983743e-01 4.291449432419641719e-01 5.158286037156295523e-01 6.191963049781031847e-01 7.427826127900715170e-01 8.933597925550210705e-01 1.080549104949384276e+00 1.310386574754711209e+00 1.588889380631747450e+00 1.917744998195601625e+00 2.302387420869536072e+00 2.740735831850422244e+00 3.230093477066672936e+00
nan nan nan nan nan nan 1.416956912008277003e-01 1.696804768318044276e-01 2.052399435324313570e-01 2.477578441031383916e-01 2.995583536352038889e-01 3.625143162498539740e-01 4.374861210989354765e-01 5.286335645541461181e-01 6.380482952019627119e-01 7.693492972598009461e-01 9.279134425868561520e-01 1.126018308647805277e+00 1.370482860824357108e+00 1.669888246839786650e+00 2.027091865039473806e+00 2.448056284871489741e+00 2.939283056429893293e+00 3.498381859182962739e+00
nan nan nan nan nan nan nan 1.621417632354299476e-01 1.946351194318892697e-01 2.355742636257439626e-01 2.840428820356059036e-01 3.441812600913739528e-01 4.150671250856071692e-01 5.001459023825510775e-01 6.046488129104566900e-01 7.307241525737774301e-01 8.826823397704010032e-01 1.070152975354794922e+00 1.302108430397515004e+00 1.589467559880257674e+00 1.937704661067926715e+00 2.351951708041830624e+00 2.835493350626213438e+00 3.394249711108761947e+00
nan nan nan nan nan nan nan nan 2.079222642968848733e-01 2.497055937559692351e-01 3.016113317589278475e-01 3.626473513812947802e-01 4.390214605145147386e-01 5.251198343402204705e-01 6.313038828678304570e-01 7.601729785669272266e-01 9.121050682688701672e-01 1.096040665704527406e+00 1.327930598108125970e+00 1.616371938887898096e+00 1.970421861689773735e+00 2.388306513476663451e+00 2.873208051927075513e+00 3.419644096427024937e+00
nan nan nan nan nan nan nan nan nan 2.916658556468553209e-01 3.494822008381158751e-01 4.218923952217589202e-01 5.062650150344157884e-01 6.101780291707664672e-01 5.772391764719223550e-01 6.915483536641268136e-01 8.112988965670769881e-01 9.163871389037586690e-01 1.097286614709217734e+00 1.332524071462529491e+00 1.623829407032209016e+00 1.976067766464712605e+00 2.387725704422976936e+00 2.873366037225423053e+00
nan nan nan nan nan nan nan nan nan nan 3.356036428578367259e-01 4.022213893892226944e-01 4.834100054486795139e-01 5.807803595505188765e-01 6.917620575714157338e-01 5.823101548851515874e-01 6.919192256879406200e-01 8.114723774903386255e-01 9.112237597615072682e-01 1.097219165297717236e+00 1.332774240421604528e+00 1.625318839777198043e+00 1.976335121943678885e+00 2.387385538208941504e+00
nan nan nan nan nan nan nan nan nan nan nan 4.270582041164784348e-01 5.121036553599805918e-01 6.151781655765978796e-01 7.406250231806504880e-01 6.353111277437392124e-01 5.910044449266903532e-01 6.952993640278978260e-01 7.754151117505675428e-01 9.063772442227576720e-01 1.097104691948429522e+00 1.333744699008687196e+00 1.625518042989088752e+00 1.976259443799632809e+00
nan nan nan nan nan nan nan nan nan nan nan nan 4.427943556868153552e-01 5.304904050982109931e-01 6.332646834038649919e-01 7.568397904997513637e-01 6.362231072522718245e-01 7.575711927647287292e-01 8.905556578764389775e-01 7.578222397240746977e-01 9.052561685076115916e-01 1.097202940481901035e+00 1.333839963630521375e+00 1.625493503242534832e+00
nan nan nan nan nan nan nan nan nan nan nan nan nan 4.469799564030109140e-01 5.338463412832040733e-01 6.348506403148738153e-01 7.573524248947046678e-01 6.382449738082581758e-01 7.574990474190615997e-01 8.618243270152411428e-01 7.525661291482687032e-01 9.050266053466570204e-01 1.097262280933342549e+00 1.333837670404115272e+00
nan nan nan nan nan nan nan nan nan nan nan nan nan nan 4.472409788918648710e-01 5.350415023629478961e-01 6.368499905693710827e-01 7.574528416957898580e-01 6.389507974958835712e-01 7.352057905377936686e-01 6.444412687163069142e-01 7.508022592124840022e-01 9.043328335444195121e-01 1.096512578481576128e+00
nan nan nan nan nan nan nan nan nan nan nan nan nan nan nan 4.487771240442132159e-01 5.358669074392515830e-01 6.371995735416221551e-01 7.356253902222434915e-01 6.196000973213692253e-01 7.372638639161007701e-01 6.317709288757772379e-01 7.503717931228369720e-01 9.039950795429599895e-01
nan nan nan nan nan nan nan nan nan nan nan nan nan nan nan nan 4.507459157078120837e-01 5.367579205995832714e-01 6.372631586124405390e-01 7.367553506905489824e-01 6.275887270154397735e-01 7.300244970461801097e-01 6.318117427654689200e-01 7.499602975821190176e-01
nan nan nan nan nan nan nan nan nan nan nan nan nan nan nan nan nan 5.749722076803703841e-01 6.871847031607795087e-01 8.187085581305514337e-01 7.350187140253695572e-01 6.439721912273078663e-01 7.496881082669425433e-01 6.308530745662258576e-01
nan nan nan nan nan nan nan nan nan nan nan nan nan nan nan nan nan nan 6.026837285321909876e-01 7.184035195011319042e-01 8.514931160221445028e-01 7.206785268397221111e-01 8.330565354150628599e-01 7.498314814383454374e-01
nan nan nan nan nan nan nan nan nan nan nan nan nan nan nan nan nan nan nan 6.018254001063388925e-01 7.185013707021171703e-01 8.519362903774335694e-01 7.181826510969261390e-01 8.180750686001471150e-01
nan nan nan nan nan nan nan nan nan nan nan nan nan nan nan nan nan nan nan nan 6.020956707412415954e-01 7.182077265872518490e-01 8.525330195345678375e-01 7.218736427705957359e-01
nan nan nan nan nan nan nan nan nan nan nan nan nan nan nan nan nan nan nan nan nan 6.055081602329982493e-01 7.157374226115847948e-01 8.526775307079209609e-01
nan nan nan nan nan nan nan nan nan nan nan nan nan nan nan nan nan nan nan nan nan nan 5.951050407304762091e-01 7.156947227349922391e-01
nan nan nan nan nan nan nan nan nan nan nan nan nan nan nan nan nan nan nan nan nan nan nan 5.923983385933443424e-01
