2.662797939779190104e-01 3.005860284718139264e-01 3.597799248379250914e-01 4.379535413746035166e-01 5.361697834161230913e-01 6.478652535872920781e-01 7.734272201530326685e-01 9.313980430566014546e-01 1.111302815458126592e+00 9.802372525031010086e-01 8.535008613425477675e-01 8.874260307447486840e-01 1.000216792830741497e+00 8.848566446418019149e-01 9.920056121968404694e-01 1.120258523907498027e+00 1.059707716917369424e+00 1.173085336973253678e+00 1.306722403791845455e+00 1.182149778219179659e+00 1.080448747972267753e+00 1.097116365228093748e+00 9.536342726861849473e-01 1.082464557740305366e+00
nan 2.514560478291810730e-01 2.888375495498137768e-01 3.556291049115359870e-01 4.352458080238589266e-01 5.367552914447640822e-01 6.477981158485791591e-01 7.696228958708267731e-01 9.278428377465181009e-01 1.111336434785973992e+00 9.688154264638980662e-01 8.802393897053443217e-01 1.004380370970066494e+00 8.812555994656335878e-01 8.631495999664243746e-01 9.630327354821431873e-01 9.432739541791658189e-01 1.071675842645716692e+00 1.241250554443158016e+00 1.182688304154828618e+00 1.274290291693806143e+00 1.160799937007389371e+00 1.042248123538853211e+00 1.166384982110811208e+00
nan nan 2.544527830607926644e-01 2.956922671069422970e-01 3.593399577452419669e-01 4.362857845753592700e-01 5.332898339590811387e-01 6.400783929664893845e-01 7.697374160169755397e-01 9.305295883184289130e-01 8.167063034027245427e-01 7.494083545752564524e-01 8.776424671819854639e-01 7.589404619675476082e-01 7.462549370495984435e-01 8.235355973927708240e-01 9.606152752588809074e-01 1.112807967180681423e+00 1.289068720453233396e+00 1.372772457000221102e+00 1.381274401487776249e+00 1.266840502288683279e+00 1.128333363471801576e+00 1.297521363042112963e+00
nan nan nan 2.571142875284505580e-01 2.935733790833227053e-01 3.623283502652289156e-01 4.484883776142226663e-01 5.364379466804315433e-01 6.489963577949960927e-01 7.862010995789895373e-01 7.080074301488926691e-01 6.565213777876123258e-01 7.750589178506864796e-01 6.704142230759685406e-01 7.678229256817746817e-01 8.986537726848718988e-01 1.060800606150038572e+00 1.254070556083376253e+00 1.482750645390913835e+00 1.611172217228361792e+00 1.576968223723807849e+00 1.354846047083265503e+00 1.232608775359401942e+00 1.351281733599781987e+00
nan nan nan nan 2.780789691807467046e-01 3.361589658479960940e-01 4.061588432486656908e-01 4.864848448064514885e-01 5.853765870571431273e-01 7.024898724811766693e-01 8.277751762525434875e-01 7.071320480085424576e-01 6.708068778428953882e-01 7.758286445292691402e-01 8.886005846356982429e-01 9.053326558195343710e-01 1.071147320429441052e+00 1.279173748724381721e+00 1.532909542217600229e+00 1.822510417433979679e+00 1.847414509099015945e+00 1.585905935868788585e+00 1.417516210268109145e+00 1.234996332574296751e+00
nan nan nan nan nan 3.544087542486268338e-01 4.256896545691809530e-01 5.189879809062373228e-01 6.347814445145248952e-01 7.654336149599668682e-01 9.244609995280753667e-01 8.388801650366192186e-01 7.277289679166795144e-01 8.268450927694358521e-01 7.585055965301065184e-01 7.968360160550836957e-01 9.308716834718214761e-01 1.110094323139303896e+00 1.331135103463053859e+00 1.597465304979951206e+00 1.898076782694004372e+00 1.870015431388421856e+00 1.654494154718099796e+00 1.434727472464002229e+00
nan nan nan nan nan nan 3.438710614683123667e-01 4.214080869517337069e-01 5.226271096822862061e-01 6.298831582722256295e-01 7.678911001496208089e-01 9.233734455995742385e-01 8.416971760101844557e-01 9.564410056556761353e-01 8.321990623164562395e-01 8.478268640620937324e-01 8.844808775111915322e-01 1.057378375316682551e+00 1.271147721243953477e+00 1.532874281520800075e+00 1.835345934460297368e+00 2.175582599255207139e+00 1.946640819242843712e+00 1.681976033187085662e+00
nan nan nan nan nan nan nan 3.576623682631822065e-01 4.300594825727380721e-01 5.227500501189045190e-01 6.361674875752497682e-01 7.740443555650472485e-01 7.194946294577243551e-01 8.057403762154348170e-01 8.448232913362200280e-01 9.738656266201118905e-01 8.260791399127761503e-01 9.503891822420781343e-01 1.130121161405208685e+00 1.360511845568955547e+00 1.635689784073419695e+00 1.951150104956268283e+00 2.090217999017106365e+00 1.984053314439718108e+00
nan nan nan nan nan nan nan nan 3.877257408331807875e-01 4.655048067475732188e-01 5.651544397452282764e-01 6.853821313985445363e-01 8.383847211572860170e-01 8.114549927279915975e-01 9.615891570774316444e-01 1.139020843157303453e+00 9.746522876729147855e-01 9.358663339043743479e-01 1.120354909562229384e+00 1.350653702255080191e+00 1.634969383824377509e+00 1.961334362735280834e+00 1.777730443156019469e+00 2.075807701783484394e+00
nan nan nan nan nan nan nan nan nan 4.385594413764967170e-01 5.261256498599865550e-01 6.384938993400485208e-01 7.723648323092512369e-01 9.322377135751577226e-01 9.394273886009553154e-01 1.125204796024102283e+00 1.005239508496335255e+00 8.545789534416144972e-01 9.885753748415279096e-01 1.186662049909922079e+00 1.433472816726673926e+00 1.731903910560461224e+00 2.072156315445561336e+00 2.458928872632140994e+00
nan nan nan nan nan nan nan nan nan nan 5.204304820183295321e-01 6.278141159129574378e-01 7.600537980475589039e-01 9.214003761890848798e-01 1.111709028314300074e+00 9.569348155363283093e-01 9.330343673269979599e-01 1.006826811691436951e+00 8.536635018522539253e-01 1.020155608646975409e+00 1.227148925492941967e+00 1.485419194435147805e+00 1.788610274194475380e+00 2.123811857729745789e+00
nan nan nan nan nan nan nan nan nan nan nan 5.845824174009633944e-01 7.040053480698361676e-01 8.486253529787798344e-01 1.023420249181900221e+00 8.901224843420535437e-01 8.545935708639355033e-01 1.002050192323586941e+00 1.010965325093259981e+00 8.601460375487736121e-01 1.032215667467856868e+00 1.246817390663724101e+00 1.507337311972064331e+00 1.801236547925309850e+00
nan nan nan nan nan nan nan nan nan nan nan nan 6.106610325584761467e-01 7.347647403936009569e-01 8.821566542447970560e-01 1.058942267279806337e+00 9.823685218365604266e-01 1.170684993670695562e+00 1.025319231519250973e+00 8.668924923262549820e-01 8.697254346862025587e-01 1.042324035924325987e+00 1.259390684858234799e+00 1.517122793060857955e+00
nan nan nan nan nan nan nan nan nan nan nan nan nan 6.187771994449623447e-01 7.420230822613825827e-01 8.875245797095295819e-01 1.063605412217177637e+00 9.878032880895858403e-01 1.162532039896697622e+00 1.024589872001064439e+00 8.645588072041673344e-01 1.028204928787452843e+00 1.235163094898143576e+00 1.486014611797102702e+00
nan nan nan nan nan nan nan nan nan nan nan nan nan nan 6.501493987133303287e-01 7.830128446940390896e-01 9.411014514446111034e-01 1.129263797342966225e+00 9.832641158435503348e-01 8.775161931285956340e-01 1.023012676475284266e+00 8.650005663755772067e-01 1.028645186392131539e+00 1.235685266547286609e+00
nan nan nan nan nan nan nan nan nan nan nan nan nan nan nan 6.608584285736721631e-01 7.928781057818724554e-01 9.481978045542910349e-01 1.127360878526010080e+00 9.503672513442819048e-01 8.901288471737752728e-01 7.569362795623012508e-01 8.666669232783444921e-01 1.028913683752082253e+00
nan nan nan nan nan nan nan nan nan nan nan nan nan nan nan nan 6.660035852880928919e-01 7.972082682049889124e-01 9.526233035252943404e-01 1.127728481670911886e+00 9.653779306876150157e-01 8.895061468238877334e-01 1.029008646877493938e+00 8.672886429869192115e-01
nan nan nan nan nan nan nan nan nan nan nan nan nan nan nan nan nan 6.715052928572858848e-01 8.048642335862149499e-01 9.628317027263565420e-01 8.835840685266415084e-01 1.034214993846437114e+00 1.218742038006516371e+00 1.028825837679918642e+00
nan nan nan nan nan nan nan nan nan nan nan nan nan nan nan nan nan nan 6.903550342101331116e-01 8.249545611475900264e-01 9.803863492905730004e-01 9.478629548423763707e-01 1.120835140939564045e+00 1.221729664332427578e+00
nan nan nan nan nan nan nan nan nan nan nan nan nan nan nan nan nan nan nan 7.804551878758479999e-01 9.377940369844096624e-01 1.120364244503855300e+00 9.453459730424530472e-01 1.110830826134643345e+00
nan nan nan nan nan nan nan nan nan nan nan nan nan nan nan nan nan nan nan nan 7.818262575272355575e-01 9.382169187921870490e-01 1.121910404371184722e+00 9.673315959104883399e-01
nan nan nan nan nan nan nan nan nan nan nan nan nan nan nan nan nan nan nan nan nan 7.925539533840580964e-01 9.466455902643332587e-01 1.136105382484831505e+00
nan nan nan nan nan nan nan nan nan nan nan nan nan nan nan nan nan nan nan nan nan nan 7.857228143177094060e-01 9.462787817178467398e-01
nan nan nan nan nan nan nan nan nan nan nan nan nan nan nan nan nan nan nan nan nan nan nan 7.842617265836030471e-01
