2.566015290648749891e-01 2.861441259001741289e-01 3.492830103072991355e-01 4.266262757634254887e-01 5.170337028033128446e-01 6.135294355965809077e-01 7.537271320492319182e-01 9.203728898257393931e-01 1.103395136258187748e+00 9.787043771907110168e-01 8.525639757618129755e-01 8.880362572320418257e-01 9.994754753391646984e-01 8.825511177741397484e-01 9.905219162317665527e-01 1.117515252904803802e+00 1.111507941228960572e+00 1.173354529032878624e+00 1.307946032766591937e+00 1.176211524664850128e+00 1.083766112736486154e+00 1.095070626600793240e+00 9.555530458566906526e-01 1.084174858192608060e+00
nan 2.447344570056221302e-01 2.889320000590679394e-01 3.518467084539901313e-01 4.277610656450742121e-01 5.059623993046465928e-01 6.168988596614816133e-01 7.612956789518977585e-01 9.198754109963193093e-01 1.103868856203924498e+00 9.655600271444048088e-01 8.787787376573407139e-01 1.003347341774531110e+00 8.803777235382429511e-01 8.619517604194136817e-01 9.625050345925837414e-01 9.463037907206844901e-01 1.073377775697034409e+00 1.238684788593831243e+00 1.185440129657106212e+00 1.270753015549912490e+00 1.163573227014010225e+00 1.041092137446852917e+00 1.166351128969003170e+00
nan nan 2.588988653800509132e-01 3.057749667427197560e-01 3.534567447017714636e-01 4.255169832769726268e-01 5.159635180914902142e-01 6.292044297174043122e-01 7.650806314206147762e-01 9.240763160830810508e-01 8.134315326309754512e-01 7.475100704300313703e-01 8.768413773995832328e-01 7.581733259259163527e-01 7.452345672768142526e-01 8.235653330398681193e-01 9.606002182305907189e-01 1.112747694459065517e+00 1.289084437733125199e+00 1.374722824210227845e+00 1.383544013576681220e+00 1.339789216498959767e+00 1.133365922697722628e+00 1.295291229891271545e+00
nan nan nan 2.522712251570119468e-01 3.006046114830115412e-01 3.605756054035810232e-01 4.336565948616609711e-01 5.165671990303836170e-01 6.293487775842360188e-01 7.685467440946606166e-01 7.005537700117115962e-01 6.527372914337451482e-01 7.720843866201675398e-01 6.686978093853964689e-01 7.673838452933982035e-01 8.983388995696909296e-01 1.060725602007263291e+00 1.254344541796507340e+00 1.483232725078077685e+00 1.612796048066462706e+00 1.581425166839452334e+00 1.358397632116528086e+00 1.235051254159765133e+00 1.350441648770264180e+00
nan nan nan nan 2.755133871317786420e-01 3.219578739645362342e-01 3.908059914284657266e-01 4.763675259588732169e-01 5.685492161301061165e-01 6.877116419761580834e-01 8.189696375836278408e-01 6.991531492189265728e-01 6.686588864778372221e-01 7.745140032772547256e-01 8.873281929240987020e-01 9.056628636382176856e-01 1.072040940868241865e+00 1.280575546756919536e+00 1.534702343308908645e+00 1.824430506453566636e+00 1.852552611817229078e+00 1.590697894192083073e+00 1.421294509359225522e+00 1.237909823594038894e+00
nan nan nan nan nan 3.425016883061234862e-01 4.184422198977050256e-01 5.097707037514046524e-01 6.070212501541117911e-01 7.374641562099107928e-01 9.053430299177104290e-01 8.301359782525613573e-01 7.172519972401228960e-01 8.236088050145450312e-01 7.574732838346983632e-01 7.966806416743900110e-01 9.318805900771965911e-01 1.111690116714163512e+00 1.333368051906537399e+00 1.600176728020350048e+00 1.900771716460929905e+00 1.875724390296511057e+00 1.659402783339210874e+00 1.438768687286356318e+00
nan nan nan nan nan nan 3.534140167995004633e-01 4.187838683108230375e-01 5.016185160283596067e-01 6.040947792841332431e-01 7.386460026438880222e-01 9.085466167003416471e-01 8.332980431853115322e-01 9.510230867724697168e-01 8.288972749062232248e-01 8.454750187182483723e-01 8.864427687813266621e-01 1.059934993140819071e+00 1.274576518456012053e+00 1.536949913350083907e+00 1.840193140777847347e+00 2.180512256727647369e+00 1.952147830899109593e+00 1.687421176531773703e+00
nan nan nan nan nan nan nan 3.432026415741370462e-01 4.173695698223715000e-01 5.100389613545269762e-01 6.176426544929135565e-01 7.502468584589719880e-01 7.166486556489547466e-01 8.005322688026851319e-01 8.432879423514568762e-01 9.725155793876089083e-01 8.247378868960314469e-01 9.531989666718428955e-01 1.134316629494318107e+00 1.366394521936137085e+00 1.642551369963080710e+00 1.958741353805690366e+00 2.104425537852012695e+00 1.990242699722243103e+00
nan nan nan nan nan nan nan nan 3.749846186218287469e-01 4.574826103609709316e-01 5.591812514598758499e-01 6.737900735622127657e-01 8.113234866359463338e-01 8.071435026279744074e-01 9.578407614662146630e-01 1.136734695706668408e+00 9.732253388883572720e-01 9.388307335195428260e-01 1.124070599685207394e+00 1.355732568330214605e+00 1.640722972751917030e+00 1.968189541380865215e+00 1.800219953134329476e+00 2.089187375727970419e+00
nan nan nan nan nan nan nan nan nan 4.312579158738730767e-01 5.211578849655266188e-01 6.316693720804803514e-01 7.577749624768813641e-01 9.215012889904997673e-01 9.306491962212236624e-01 1.116376682160296951e+00 1.004591229949185038e+00 8.538171571424749695e-01 9.942171687288176019e-01 1.193234033858717069e+00 1.441614233957916102e+00 1.740621162054788673e+00 2.081243257846536743e+00 2.466285351201146447e+00
nan nan nan nan nan nan nan nan nan nan 5.176097747122710979e-01 6.236830276388859451e-01 7.548588276012232479e-01 9.136060118818752906e-01 1.103963526682576468e+00 9.487189793898226364e-01 9.166486306046325305e-01 1.006199222231435986e+00 8.558953965582080103e-01 1.023340755829337034e+00 1.231707353538090022e+00 1.491317319710228073e+00 1.795477526614645214e+00 2.131353170293689647e+00
nan nan nan nan nan nan nan nan nan nan nan 5.806917627620736821e-01 6.976641662077923689e-01 8.409750008005366650e-01 1.015816978250023261e+00 8.835013070945144653e-01 8.518173790810316115e-01 9.991364646225519008e-01 1.011752431554067133e+00 8.631512369778436833e-01 1.036625013091095227e+00 1.252512312362267455e+00 1.513453515017337381e+00 1.809507562916784273e+00
nan nan nan nan nan nan nan nan nan nan nan nan 6.070159890047502893e-01 7.303847055844953085e-01 8.768835075829505277e-01 1.052150261637602835e+00 9.782550178654169093e-01 1.166157210785020659e+00 1.024515689667619522e+00 8.657551308649250599e-01 8.739293623767833141e-01 1.047950587443177373e+00 1.266381773317202253e+00 1.524731642071571081e+00
nan nan nan nan nan nan nan nan nan nan nan nan nan 6.158177620490062898e-01 7.379751391974626040e-01 8.827757982223126687e-01 1.057233850337068848e+00 9.836626996988949712e-01 1.159423857535226698e+00 1.023714040771273925e+00 8.632152395198119388e-01 1.026669220434570207e+00 1.234021996322862691e+00 1.484611379841234591e+00
nan nan nan nan nan nan nan nan nan nan nan nan nan nan 6.490127028100191042e-01 7.810510853240980600e-01 9.376556510768859765e-01 1.123539569308406261e+00 9.799278896471895761e-01 8.765228792189349027e-01 1.021938763989481913e+00 8.636078472226865754e-01 1.027680813034540286e+00 1.234405762414430452e+00
nan nan nan nan nan nan nan nan nan nan nan nan nan nan nan 6.574944667091487949e-01 7.887990952768905162e-01 9.440600349798592417e-01 1.123427878433810090e+00 9.452888933685364981e-01 8.893772964157496963e-01 7.559464637515284080e-01 8.653076505814557562e-01 1.027813680751219927e+00
nan nan nan nan nan nan nan nan nan nan nan nan nan nan nan nan 6.632265945539949081e-01 7.935003451191805501e-01 9.481478157673149942e-01 1.121767044652864698e+00 9.629161932740727403e-01 8.887506001976089864e-01 1.027412478540095542e+00 8.659377060833400863e-01
nan nan nan nan nan nan nan nan nan nan nan nan nan nan nan nan nan 6.699267942864578496e-01 8.026823789628222405e-01 9.600963715964386802e-01 8.818118899032102442e-01 1.032600958634303012e+00 1.217489785788296697e+00 1.027626812399909717e+00
nan nan nan nan nan nan nan nan nan nan nan nan nan nan nan nan nan nan 6.891708999788040968e-01 8.233993755647514012e-01 9.785463445785252956e-01 9.449295734765777999e-01 1.117833899566062161e+00 1.220622589540696801e+00
nan nan nan nan nan nan nan nan nan nan nan nan nan nan nan nan nan nan nan 7.795226534400770957e-01 9.353666893911473101e-01 1.118039069300801991e+00 9.424857459537284710e-01 1.106269694364733880e+00
nan nan nan nan nan nan nan nan nan nan nan nan nan nan nan nan nan nan nan nan 7.808107147607602494e-01 9.357614984380239198e-01 1.119077453862493687e+00 9.617805401496585249e-01
nan nan nan nan nan nan nan nan nan nan nan nan nan nan nan nan nan nan nan nan nan 7.917185799300759941e-01 9.411457052773878340e-01 1.129710034889334302e+00
nan nan nan nan nan nan nan nan nan nan nan nan nan nan nan nan nan nan nan nan nan nan 7.807019415339165880e-01 9.412345421011719671e-01
nan nan nan nan nan nan nan nan nan nan nan nan nan nan nan nan nan nan nan nan nan nan nan 7.788541925930786425e-01
