2.387133719609749738e-01 2.830149363020656450e-01 3.404134983233680911e-01 4.126363908463447361e-01 4.982608779672920152e-01 6.088327946661470369e-01 7.405100626606130332e-01 8.963700235951975737e-01 1.079315610269246495e+00 9.522947855246043369e-01 8.270246837085361014e-01 8.063912816937327532e-01 9.462283473469078610e-01 7.858187378921127619e-01 9.467553473900346406e-01 1.058226538042704057e+00 1.070882934596665947e+00 1.207467471124086256e+00 1.242573006271200597e+00 1.232197307747044501e+00 1.244440047224354640e+00 1.095561863981726169e+00 1.034128814564748478e+00 1.046290591989960994e+00
nan 2.370384336720893215e-01 2.820942342373954359e-01 3.401559453566590507e-01 4.142243890595947997e-01 5.034322193360257769e-01 6.084007114573061203e-01 7.342650465664816162e-01 9.001223508589860645e-01 1.079019266273971045e+00 9.354455434757945609e-01 8.658059451163796494e-01 9.836443692170632191e-01 8.657965440757829922e-01 8.314364676697053591e-01 9.536375249381084940e-01 9.044160901378356376e-01 1.067536541696086250e+00 1.153850154721082877e+00 1.251365802707469221e+00 1.250342601525619823e+00 1.351731807476651781e+00 1.134265955965541917e+00 1.048715025449938665e+00
nan nan 2.302527698778197296e-01 2.827947461570571308e-01 3.458234221682007226e-01 4.144750475386095312e-01 5.019880482943505084e-01 6.085189415201252006e-01 7.410326024042913629e-01 8.892068052388125698e-01 7.866108970586859206e-01 7.363107850211382255e-01 8.642584321753624677e-01 7.446835270098449699e-01 7.195807878992120932e-01 8.182715786639264133e-01 9.560453341301790031e-01 1.110691203773253921e+00 1.288754349031513424e+00 1.424215329206084402e+00 1.436122429387647337e+00 1.290568679608337543e+00 1.166001214253036267e+00 1.190076737525491701e+00
nan nan nan 2.370035163017195634e-01 2.867539062049940801e-01 3.469599772326966702e-01 4.176161898149931551e-01 5.021313568708264397e-01 6.104460272000841181e-01 7.442197112027512107e-01 6.694310420008692253e-01 6.301439302359707062e-01 7.444577388334031598e-01 6.527325811203018580e-01 7.599111447551242238e-01 8.941860046733908218e-01 1.058808331119904800e+00 1.254776312665438542e+00 1.485395472373932879e+00 1.665392293586341221e+00 1.658540307578950657e+00 1.434238078442259479e+00 1.311190796818329840e+00 1.225219155727207188e+00
nan nan nan nan 2.594615835378085711e-01 3.091153869578645574e-01 3.728641564159013155e-01 4.489872121876513633e-01 5.388619990227164758e-01 6.501274878622599340e-01 7.757432876041815417e-01 6.562644298074559179e-01 6.518316547778414405e-01 7.533319014366300914e-01 8.663517451591730145e-01 9.088748966397234286e-01 1.077581385496942712e+00 1.288869422912664930e+00 1.546321386950689103e+00 1.841191687450750347e+00 1.950838408773381438e+00 1.672599088873500506e+00 1.508069256462733154e+00 1.309324698358495631e+00
nan nan nan nan nan 3.273496587143845948e-01 3.978408475854288140e-01 4.848679519719111264e-01 5.826637368525792171e-01 7.068899593421545946e-01 8.628124235534920805e-01 7.732628932090118701e-01 6.696362052758434436e-01 7.836259858815596280e-01 7.402124230402534755e-01 7.983808919575013929e-01 9.371402059387649031e-01 1.119876376337244128e+00 1.345131312453216044e+00 1.616548605667452954e+00 1.924418167901968513e+00 1.973693057896066527e+00 1.757447882113781557e+00 1.521103910493073919e+00
nan nan nan nan nan nan 3.264669915922032706e-01 3.960024064504718000e-01 4.811222512889795633e-01 5.829742614249121546e-01 7.094994937741613272e-01 8.644724294041669088e-01 7.714640692405340117e-01 8.989304979063564849e-01 7.832292609436694031e-01 8.309420932428516204e-01 8.951336641299195707e-01 1.071573545179365539e+00 1.290421439761990641e+00 1.558484740666377544e+00 1.872250781954631904e+00 2.231088334419724095e+00 2.067252715739353430e+00 1.791052603807072874e+00
nan nan nan nan nan nan nan 3.283808821422865565e-01 3.982770092521833449e-01 4.862201175569712541e-01 5.897834372323546015e-01 7.176267164483437488e-01 6.824992450851293802e-01 7.581851877418374075e-01 8.335466436061079731e-01 9.595113212760507659e-01 8.163862212149851638e-01 9.663434925289952071e-01 1.156074371360433783e+00 1.395688509726091819e+00 1.682814417619894254e+00 2.018857432003515751e+00 2.395616355698108269e+00 2.142207680154834204e+00
nan nan nan nan nan nan nan nan 3.616593206663524240e-01 4.374434426529504316e-01 5.317191891154867678e-01 6.440312155006263639e-01 7.827475783089193895e-01 7.915001822482167215e-01 9.380606678816237887e-01 1.113117875213294639e+00 9.610430847412526623e-01 9.511336117369403320e-01 1.140939945170958314e+00 1.381465083094319812e+00 1.681529259885816696e+00 2.040900536611618854e+00 2.459835758961527841e+00 2.557358851619170093e+00
nan nan nan nan nan nan nan nan nan 4.209085241959470425e-01 5.060238453554125604e-01 6.123316612487949007e-01 7.388803885285860629e-01 8.940773352661030016e-01 9.000581416516905131e-01 1.079288724752738293e+00 9.999043304360436535e-01 8.507625381564033473e-01 1.011039695861501553e+00 1.217383822427196449e+00 1.474938268098965555e+00 1.785838692793837001e+00 2.148042322392293979e+00 2.571050258296303959e+00
nan nan nan nan nan nan nan nan nan nan 5.088426230238417558e-01 6.127022703495385025e-01 7.397899559354529364e-01 8.939170950475866517e-01 1.074137765220555707e+00 9.155329895011060648e-01 8.749856243407373446e-01 1.003309095075480606e+00 8.652734910848592920e-01 1.036382936640460883e+00 1.249773664166996312e+00 1.515163216297085391e+00 1.828985341404121279e+00 2.185549307717000289e+00
nan nan nan nan nan nan nan nan nan nan nan 5.673406896944012123e-01 6.820360223471947370e-01 8.215541903618862607e-01 9.913321025224529626e-01 8.609927558275159987e-01 8.280721119015582721e-01 9.677640643263304421e-01 1.021136095371720565e+00 8.747539802509115558e-01 1.052032782784450227e+00 1.272643633728516743e+00 1.540259121334432990e+00 1.848308088028407958e+00
nan nan nan nan nan nan nan nan nan nan nan nan 5.947729101466364687e-01 7.150729506101373145e-01 8.567854017506751907e-01 1.026187007218872349e+00 9.527098959552892099e-01 1.134208925867979278e+00 1.017749889048208178e+00 8.588176790437961339e-01 8.899658401893525417e-01 1.068321528607338422e+00 1.291757321467450925e+00 1.556343204108115330e+00
nan nan nan nan nan nan nan nan nan nan nan nan nan 6.026385093905136658e-01 7.213111578092602505e-01 8.603946085149841716e-01 1.028674673609258239e+00 9.582398564465227642e-01 1.121185524844089176e+00 1.017151455216640965e+00 8.577564165667334040e-01 1.022398660599806774e+00 1.229228812549557848e+00 1.479920786860664084e+00
nan nan nan nan nan nan nan nan nan nan nan nan nan nan 6.426862785868440175e-01 7.727473421542300214e-01 9.250129454716492505e-01 1.105972340253070563e+00 9.491296071702154391e-01 8.715069242892737877e-01 9.958244690916012720e-01 8.585856780139967670e-01 1.022532004918188520e+00 1.229557949626908453e+00
nan nan nan nan nan nan nan nan nan nan nan nan nan nan nan 6.462325832883687449e-01 7.750507207082651950e-01 9.267863205416883021e-01 1.086897422803766666e+00 9.161399027127284933e-01 8.825879178356291765e-01 7.489663519553327875e-01 8.605093281772394631e-01 1.022803153560729594e+00
nan nan nan nan nan nan nan nan nan nan nan nan nan nan nan nan 6.506174332557351780e-01 7.778730280837503619e-01 9.275675904173455999e-01 1.072481645082916657e+00 9.227247628375364608e-01 8.822248394089425849e-01 1.022476193226545149e+00 8.610560766439147029e-01
nan nan nan nan nan nan nan nan nan nan nan nan nan nan nan nan nan 6.615134284210509863e-01 7.919641247064538314e-01 9.456692733467947365e-01 8.745709398976647675e-01 1.024895867061991428e+00 1.208751538773164658e+00 1.021718496643316154e+00
nan nan nan nan nan nan nan nan nan nan nan nan nan nan nan nan nan nan 6.820986670056320422e-01 8.145510828085088528e-01 9.666937931628661884e-01 9.371807995460542662e-01 1.110324189752089907e+00 1.211582398768054070e+00
nan nan nan nan nan nan nan nan nan nan nan nan nan nan nan nan nan nan nan 7.753761334594778676e-01 9.302154323383745593e-01 1.110125295357896391e+00 9.349369811172937306e-01 1.068333316665569299e+00
nan nan nan nan nan nan nan nan nan nan nan nan nan nan nan nan nan nan nan nan 7.767855010345160460e-01 9.305866423830267964e-01 1.111357753580699548e+00 9.402406607071290834e-01
nan nan nan nan nan nan nan nan nan nan nan nan nan nan nan nan nan nan nan nan nan 7.852967146641184337e-01 9.303450486005327980e-01 1.113173932826560186e+00
nan nan nan nan nan nan nan nan nan nan nan nan nan nan nan nan nan nan nan nan nan nan 7.735656441400763361e-01 9.303086124902312237e-01
nan nan nan nan nan nan nan nan nan nan nan nan nan nan nan nan nan nan nan nan nan nan nan 7.714169721756701792e-01
