9.999999999999998890e-01 9.999999999999998890e-01 9.999999999999998890e-01 9.999999999999998890e-01 9.999999999999998890e-01 9.999999999999998890e-01 9.999999999999998890e-01 9.999999999999998890e-01 1.172370882417019811e+00 9.999999999999998890e-01 9.999999999999998890e-01 1.096500822573354572e+00 9.999999999999998890e-01 9.999999999999998890e-01 9.999999999999998890e-01 9.999999999999998890e-01 9.999999999999998890e-01 9.999999999999998890e-01 9.999999999999998890e-01 9.999999999999998890e-01 9.999999999999998890e-01 9.999999999999998890e-01 9.999999999999998890e-01 9.999999999999998890e-01
nan 9.999999999999998890e-01 9.999999999999998890e-01 9.999999999999998890e-01 9.999999999999998890e-01 9.999999999999998890e-01 9.999999999999998890e-01 9.999999999999998890e-01 9.999999999999998890e-01 1.197180882938776669e+00 9.999999999999998890e-01 9.999999999999998890e-01 1.132386054673465203e+00 9.999999999999998890e-01 9.999999999999998890e-01 1.117131385801224397e+00 9.999999999999998890e-01 9.999999999999998890e-01 9.999999999999998890e-01 9.999999999999998890e-01 9.999999999999998890e-01 9.999999999999998890e-01 9.999999999999998890e-01 9.999999999999998890e-01
nan nan 9.999999999999998890e-01 9.999999999999998890e-01 9.999999999999998890e-01 9.999999999999998890e-01 9.999999999999998890e-01 9.999999999999998890e-01 9.999999999999998890e-01 9.999999999999998890e-01 9.999999999999998890e-01 9.999999999999998890e-01 9.999999999999998890e-01 9.999999999999998890e-01 9.999999999999998890e-01 9.999999999999998890e-01 1.128649961136866331e+00 9.999999999999998890e-01 9.999999999999998890e-01 9.999999999999998890e-01 9.999999999999998890e-01 9.999999999999998890e-01 9.999999999999998890e-01 9.999999999999998890e-01
nan nan nan 9.999999999999998890e-01 9.999999999999998890e-01 9.999999999999998890e-01 9.999999999999998890e-01 9.999999999999998890e-01 9.999999999999998890e-01 9.999999999999998890e-01 9.999999999999998890e-01 9.999999999999998890e-01 9.999999999999998890e-01 9.999999999999998890e-01 9.999999999999998890e-01 9.999999999999998890e-01 9.999999999999998890e-01 9.999999999999998890e-01 1.178278874317706393e+00 9.999999999999998890e-01 1.156426412073702448e+00 9.999999999999998890e-01 9.999999999999998890e-01 9.999999999999998890e-01
nan nan nan nan 9.999999999999998890e-01 9.999999999999998890e-01 9.999999999999998890e-01 9.999999999999998890e-01 9.999999999999998890e-01 1.173759655169415606e+00 9.999999999999998890e-01 9.999999999999998890e-01 9.999999999999998890e-01 9.999999999999998890e-01 9.999999999999998890e-01 9.999999999999998890e-01 9.999999999999998890e-01 1.174555053425586415e+00 9.999999999999998890e-01 1.171776133890467975e+00 9.999999999999998890e-01 1.173129462353645902e+00 9.999999999999998890e-01 1.094743395779553818e+00
nan nan nan nan nan 9.999999999999998890e-01 9.999999999999998890e-01 9.999999999999998890e-01 9.999999999999998890e-01 9.999999999999998890e-01 9.999999999999998890e-01 9.999999999999998890e-01 9.999999999999998890e-01 9.999999999999998890e-01 9.999999999999998890e-01 9.999999999999998890e-01 9.999999999999998890e-01 9.999999999999998890e-01 1.166983786750648733e+00 9.999999999999998890e-01 1.170906591016042775e+00 9.999999999999998890e-01 1.135044532173819842e+00 9.999999999999998890e-01
nan nan nan nan nan nan 9.999999999999998890e-01 9.999999999999998890e-01 9.999999999999998890e-01 9.999999999999998890e-01 9.999999999999998890e-01 1.212557171808684497e+00 9.999999999999998890e-01 1.182966328515106635e+00 9.999999999999998890e-01 9.999999999999998890e-01 9.999999999999998890e-01 9.999999999999998890e-01 9.999999999999998890e-01 1.197073674492298956e+00 9.999999999999998890e-01 1.170984857521487399e+00 9.999999999999998890e-01 1.173396659540846265e+00
nan nan nan nan nan nan nan 9.999999999999998890e-01 9.999999999999998890e-01 9.999999999999998890e-01 9.999999999999998890e-01 9.999999999999998890e-01 9.999999999999998890e-01 9.999999999999998890e-01 9.999999999999998890e-01 9.999999999999998890e-01 9.999999999999998890e-01 9.999999999999998890e-01 9.999999999999998890e-01 9.999999999999998890e-01 1.176446762575498184e+00 9.999999999999998890e-01 1.151656497111395172e+00 9.999999999999998890e-01
nan nan nan nan nan nan nan nan 9.999999999999998890e-01 9.999999999999998890e-01 9.999999999999998890e-01 9.999999999999998890e-01 9.999999999999998890e-01 9.999999999999998890e-01 9.999999999999998890e-01 9.999999999999998890e-01 9.999999999999998890e-01 9.999999999999998890e-01 9.999999999999998890e-01 1.172726801986160083e+00 9.999999999999998890e-01 1.192160848956745678e+00 9.999999999999998890e-01 1.185863608870115105e+00
nan nan nan nan nan nan nan nan nan 9.999999999999998890e-01 9.999999999999998890e-01 9.999999999999998890e-01 9.999999999999998890e-01 9.999999999999998890e-01 9.999999999999998890e-01 9.999999999999998890e-01 9.999999999999998890e-01 9.999999999999998890e-01 9.999999999999998890e-01 9.999999999999998890e-01 1.177838953818185708e+00 9.999999999999998890e-01 1.186355524192582056e+00 9.999999999999998890e-01
nan nan nan nan nan nan nan nan nan nan 9.999999999999998890e-01 9.999999999999998890e-01 9.999999999999998890e-01 9.999999999999998890e-01 9.999999999999998890e-01 9.999999999999998890e-01 9.999999999999998890e-01 9.999999999999998890e-01 9.999999999999998890e-01 9.999999999999998890e-01 9.999999999999998890e-01 1.220474206206388690e+00 9.999999999999998890e-01 1.184071424271763373e+00
nan nan nan nan nan nan nan nan nan nan nan 9.999999999999998890e-01 9.999999999999998890e-01 9.999999999999998890e-01 1.194910875160022812e+00 9.999999999999998890e-01 9.999999999999998890e-01 9.999999999999998890e-01 9.999999999999998890e-01 9.999999999999998890e-01 9.999999999999998890e-01 9.999999999999998890e-01 1.200487127197761517e+00 9.999999999999998890e-01
nan nan nan nan nan nan nan nan nan nan nan nan 9.999999999999998890e-01 9.999999999999998890e-01 9.999999999999998890e-01 1.198740735847723560e+00 9.999999999999998890e-01 9.999999999999998890e-01 9.999999999999998890e-01 9.999999999999998890e-01 9.999999999999998890e-01 9.999999999999998890e-01 9.999999999999998890e-01 1.201312587443853719e+00
nan nan nan nan nan nan nan nan nan nan nan nan nan 9.999999999999998890e-01 9.999999999999998890e-01 9.999999999999998890e-01 1.198465392763505832e+00 9.999999999999998890e-01 9.999999999999998890e-01 9.999999999999998890e-01 9.999999999999998890e-01 9.999999999999998890e-01 1.160266552780544025e+00 9.999999999999998890e-01
nan nan nan nan nan nan nan nan nan nan nan nan nan nan 9.999999999999998890e-01 9.999999999999998890e-01 9.999999999999998890e-01 1.181492615169204452e+00 9.999999999999998890e-01 9.999999999999998890e-01 9.999999999999998890e-01 9.999999999999998890e-01 9.999999999999998890e-01 1.180772936607410895e+00
nan nan nan nan nan nan nan nan nan nan nan nan nan nan nan 9.999999999999998890e-01 9.999999999999998890e-01 9.999999999999998890e-01 1.183767725574657259e+00 9.999999999999998890e-01 9.999999999999998890e-01 9.999999999999998890e-01 9.999999999999998890e-01 9.999999999999998890e-01
nan nan nan nan nan nan nan nan nan nan nan nan nan nan nan nan 9.999999999999998890e-01 9.999999999999998890e-01 9.999999999999998890e-01 1.178503194606384863e+00 9.999999999999998890e-01 9.999999999999998890e-01 9.999999999999998890e-01 9.999999999999998890e-01
nan nan nan nan nan nan nan nan nan nan nan nan nan nan nan nan nan 9.999999999999998890e-01 9.999999999999998890e-01 9.999999999999998890e-01 1.167633803399872328e+00 9.999999999999998890e-01 1.179312216807937741e+00 9.999999999999998890e-01
nan nan nan nan nan nan nan nan nan nan nan nan nan nan nan nan nan nan 9.999999999999998890e-01 9.999999999999998890e-01 9.999999999999998890e-01 1.172225161763908563e+00 9.999999999999998890e-01 9.999999999999998890e-01
nan nan nan nan nan nan nan nan nan nan nan nan nan nan nan nan nan nan nan 9.999999999999998890e-01 9.999999999999998890e-01 9.999999999999998890e-01 9.999999999999998890e-01 1.162042127016595483e+00
nan nan nan nan nan nan nan nan nan nan nan nan nan nan nan nan nan nan nan nan 9.999999999999998890e-01 9.999999999999998890e-01 1.197475424065069127e+00 9.999999999999998890e-01
nan nan nan nan nan nan nan nan nan nan nan nan nan nan nan nan nan nan nan nan nan 9.999999999999998890e-01 9.999999999999998890e-01 1.206128282604737034e+00
nan nan nan nan nan nan nan nan nan nan nan nan nan nan nan nan nan nan nan nan nan nan 9.999999999999998890e-01 9.999999999999998890e-01
nan nan nan nan nan nan nan nan nan nan nan nan nan nan nan nan nan nan nan nan nan nan nan 9.999999999999998890e-01
