3.002889710317732108e-01 2.995483099722342502e-01 3.011832021606274945e-01 2.960107480755481690e-01 2.999583634188108805e-01 3.042206933473292074e-01 3.002208155272138579e-01 2.969651376939766996e-01 2.999766211584777298e-01 2.998715024580015931e-01 2.965718919124040176e-01 2.990643724872311671e-01 3.000422546846691629e-01 2.975926822228307511e-01 2.978099103721202900e-01 2.997315085381474509e-01 3.005382432312012631e-01 2.996569998260141809e-01 2.997038204670809391e-01 3.011302881420165889e-01 3.029032333447329028e-01 2.983701716608070931e-01 3.001154101386647177e-01 2.998070530665165601e-01
1.000027504756649366e+00 3.016021312722632075e-01 2.992807404096430313e-01 2.990338681655945741e-01 2.996936620305642451e-01 3.000221143147382974e-01 2.998300150876269665e-01 2.999815709460154078e-01 3.000563088159880487e-01 2.992129847570350609e-01 2.999765826318920303e-01 2.999833846241811708e-01 2.997219784362316619e-01 2.999089462456974164e-01 2.999331884819225191e-01 3.000326452648021114e-01 3.004283951738627167e-01 2.999333489667477814e-01 2.998750070999026685e-01 2.999043480777208170e-01 3.001348318865514342e-01 2.994590460450032299e-01 3.000333816763241512e-01 3.000518777264440939e-01
1.000053766191433491e+00 9.998711010070926442e-01 2.998824272311991779e-01 2.997838789243803537e-01 2.998480156299606070e-01 2.999856928903646414e-01 3.000755788909741373e-01 2.999491284704695060e-01 2.999483081516565175e-01 3.002278232355037324e-01 2.997979870092860599e-01 3.000450521600501741e-01 3.000443582774486306e-01 3.000148195512113425e-01 3.000741612620984600e-01 3.000078202025064367e-01 3.000406084792905936e-01 3.000313805575996473e-01 3.000232763144716208e-01 3.000814525241564112e-01 2.999790996877466087e-01 3.000394766158859805e-01 3.000292772334300917e-01 3.001718244931330659e-01
9.999567911731610526e-01 9.999830997352535666e-01 1.000009399174212277e+00 2.999760878793980567e-01 2.997886850258775771e-01 2.998346951209202027e-01 3.000094437587700336e-01 3.000648220967927493e-01 3.000036819080691419e-01 3.000738258848176243e-01 3.001097822897162426e-01 2.999518564953189137e-01 2.999011093875750822e-01 3.002976046425466783e-01 2.999627330778150136e-01 3.001377287913711833e-01 3.001647719328059405e-01 3.000547322142700923e-01 3.000280454388167262e-01 2.999887709636376298e-01 3.000014611545122611e-01 3.000015780807442356e-01 3.004784380273847755e-01 2.999710346354430013e-01
9.999959199539343313e-01 1.000009630464321564e+00 9.999838996879618636e-01 9.999928071929851114e-01 2.999057239803310515e-01 2.998740278194976239e-01 2.999866773664099928e-01 3.000650639612958970e-01 2.999807965079218652e-01 2.999739200322903421e-01 2.999494533489402426e-01 3.000145729079193302e-01 3.000007070771054107e-01 3.001180180384699359e-01 3.000071079081566561e-01 2.999735557598118274e-01 3.000126764473378671e-01 2.999993094715196484e-01 3.001227449808300252e-01 2.998784767313010802e-01 3.000130724066480958e-01 3.000502116085076998e-01 3.000954246394104685e-01 2.997110751427023989e-01
1.000044125165929998e+00 1.000003008771655599e+00 9.999760525760591490e-01 1.000005492146517794e+00 9.999866663500036612e-01 2.998220663878496395e-01 2.998432647150747199e-01 2.999659598366976598e-01 3.000166583758727135e-01 3.000228002888396528e-01 3.000890129895050218e-01 3.000375335956841361e-01 3.000400649184999935e-01 3.000212345097663658e-01 3.001147821383930436e-01 3.000140483664680002e-01 2.999987152584316363e-01 3.000406074457739325e-01 3.000907102362573298e-01 3.000414056548101338e-01 3.000525504464994775e-01 3.000782001431194779e-01 3.000248458204473057e-01 3.000250809854531631e-01
9.999893560255798119e-01 1.000012914749028425e+00 1.000033409912186366e+00 1.000037154939915629e+00 9.999883533600877339e-01 1.000010164398913659e+00 2.997701377733254513e-01 2.996561547436915607e-01 3.001084284071753872e-01 2.999903861159912699e-01 2.999462986193430769e-01 3.001364843647169600e-01 2.999997747851153584e-01 3.000165306322652436e-01 3.000424346146507992e-01 3.000728131262695442e-01 3.000295363656381165e-01 2.999905687241403718e-01 3.000135274229840943e-01 3.000110037669443397e-01 3.000806246189281490e-01 2.999884110407239346e-01 3.000147430875592103e-01 3.000366419545062446e-01
1.000001686906398790e+00 9.999906859250642377e-01 9.999998412360477928e-01 1.000006570320929322e+00 9.999932346235247405e-01 9.999861953119026925e-01 9.999922951519367720e-01 2.997564365817693144e-01 2.997725037885456967e-01 2.999907205121885023e-01 2.999449921982668688e-01 3.001119113981502440e-01 3.000811930695234664e-01 3.000397096705088584e-01 3.000862114910620160e-01 3.000131181166122984e-01 3.000453435508505518e-01 3.000439766651090134e-01 3.000556986237985502e-01 3.000625806582819521e-01 3.000251187143674891e-01 2.999976498233382638e-01 3.000692138127247777e-01 3.000585203369982579e-01
9.999922845381001846e-01 1.000012882470348252e+00 9.999673776522904900e-01 9.999896935706603651e-01 1.000014726288653621e+00 1.000032670978124205e+00 1.000007203821779322e+00 1.000021707887340794e+00 2.998184960294051904e-01 2.998449895161611201e-01 3.000273867798898264e-01 2.999520442021327837e-01 3.001408287218472748e-01 3.000216592366009571e-01 3.000215794380067802e-01 3.000302061237891116e-01 2.999872750779845054e-01 2.999397786504314212e-01 3.000731456124990926e-01 3.000549334092081910e-01 3.000492977342809064e-01 3.000461307840899816e-01 3.000309939860953401e-01 3.001042169000348592e-01
9.999871169424286999e-01 1.000018104122239793e+00 1.000014492424077472e+00 1.000003777935285054e+00 1.000029666746024226e+00 1.000010000365920471e+00 1.000034035570165347e+00 1.000013002758881608e+00 9.999969291747908828e-01 2.998677149355151728e-01 2.998768963522855935e-01 3.000156221632332421e-01 3.000109183344486508e-01 3.001367059716064101e-01 3.000883268279869176e-01 3.000888691246662576e-01 3.000611909517247322e-01 3.000632633788617998e-01 3.000344354588022067e-01 3.000071588504723552e-01 3.000798497008828059e-01 3.000671250664797562e-01 2.998950289854519502e-01 3.000218874015513348e-01
1.000000276478572703e+00 9.999682156798133104e-01 9.999937197902540875e-01 9.999984068854678165e-01 1.000017112100684891e+00 9.999976270020715097e-01 9.999818475540009910e-01 9.999938258357845555e-01 1.000014131209360890e+00 9.999724879712160730e-01 2.999179151083967709e-01 2.999707431916993627e-01 3.000456923302537993e-01 3.000653066014867254e-01 3.000705377566083576e-01 3.000426075851931329e-01 2.999657120710620406e-01 3.000153524728029764e-01 3.000242141082982150e-01 3.000260572836600526e-01 3.000408482930073117e-01 3.000431386808007361e-01 3.000979555500315477e-01 3.000626829469868473e-01
9.999870008378577424e-01 1.000022007041442285e+00 1.000014290940810069e+00 1.000023879239744007e+00 1.000002335785544760e+00 9.999854158709691188e-01 1.000019573499016490e+00 9.999896416550730915e-01 9.999943917565082829e-01 9.999917401487746771e-01 1.000008092655187752e+00 2.998993119648448169e-01 2.999768526340853558e-01 3.000246733712279568e-01 3.000847733209475177e-01 3.000471476461590292e-01 3.000519522946554773e-01 3.000217862624450227e-01 3.000441452436206080e-01 2.999899028779144383e-01 3.000537737375700842e-01 3.000357436017910273e-01 3.000602197199379595e-01 3.000924783355731762e-01
9.999613556998677710e-01 9.999978573847823071e-01 9.999874440123179831e-01 1.000012690571248530e+00 1.000004753110885103e+00 1.000024446108885412e+00 1.000003333732321087e+00 1.000014203635097187e+00 1.000020216020955033e+00 1.000026368696015355e+00 9.999962325120628215e-01 1.000012720869847049e+00 2.999777995237576933e-01 3.000271464533175725e-01 3.000109775627584630e-01 3.000598478076200726e-01 3.000461764541656473e-01 3.000196556973361295e-01 3.000950966051983415e-01 3.000215397368279913e-01 3.000459709197593194e-01 3.000688429447560535e-01 3.000353988535346406e-01 3.000653205213145158e-01
1.000001423394849542e+00 1.000032124646738962e+00 1.000010095714785496e+00 9.999976210085426143e-01 1.000016558849387893e+00 1.000020424845251110e+00 1.000001537879757763e+00 9.999976440015929668e-01 9.999797710169811005e-01 9.999815016459101535e-01 9.999948620984521197e-01 9.999949118420610183e-01 1.000001379067978258e+00 3.000161596375108819e-01 3.000674071331514980e-01 3.000456331828884049e-01 3.000740883269606418e-01 3.000661562848710995e-01 3.000220477226359095e-01 3.000042692198882088e-01 3.000120721913945299e-01 2.999924336927403679e-01 3.000386277526108647e-01 3.000858274226611000e-01
1.000010821580053166e+00 1.000008615434245351e+00 9.999692445103836036e-01 1.000030586865200632e+00 9.999963164119085590e-01 1.000003439709256314e+00 1.000010632708845382e+00 9.999615906162128143e-01 9.999917548445302895e-01 1.000022263280615498e+00 1.000025696251783280e+00 1.000015092642283498e+00 1.000001598448723383e+00 9.999875905218488237e-01 2.999469259150723821e-01 3.000104312069105106e-01 3.000178563738119530e-01 3.000773674206386188e-01 3.000191686249573664e-01 3.000189113259387752e-01 3.000495903807470222e-01 3.000406568805387142e-01 3.000370397533878020e-01 3.000597146398879533e-01
9.999995576025080268e-01 1.000015695778302183e+00 9.999897643433736105e-01 9.999974936819502336e-01 9.999853617431240238e-01 9.999865983235131095e-01 1.000018779241619526e+00 1.000009967160361946e+00 1.000010505258037918e+00 9.999719797498903828e-01 1.000000856398627125e+00 9.999950689856305086e-01 1.000005338807828048e+00 1.000007874738970459e+00 9.999851917482724950e-01 2.999288681192440742e-01 3.000727109920359181e-01 3.000399338507257485e-01 3.000426285228165457e-01 2.999790371656617660e-01 3.000020404984217182e-01 3.000274722957048112e-01 3.000516334077018565e-01 3.000693036934686808e-01
9.999983155604202922e-01 1.000018429298874745e+00 9.999636364944415323e-01 1.000006720685870487e+00 1.000007143206060434e+00 1.000022015760203331e+00 9.999863746262058761e-01 1.000027373647996320e+00 1.000010438798248247e+00 9.999936855161707383e-01 1.000012719197293842e+00 9.999676988921165632e-01 1.000019273938555164e+00 9.999961124339937779e-01 9.999775232935972369e-01 1.000020969614471289e+00 2.999523490475873300e-01 3.000459040321855064e-01 3.000647847685983804e-01 3.000413034060130379e-01 3.000104226893540171e-01 3.000080108535859158e-01 3.000445284044423455e-01 3.000455751968488238e-01
1.000010938374299219e+00 1.000055198403939194e+00 1.000039099419101740e+00 1.000012758469929874e+00 1.000008567112509850e+00 1.000045146628490533e+00 1.000006402449609366e+00 9.999917906630709785e-01 9.999986849164198555e-01 9.999985196640625018e-01 9.999882390774799124e-01 9.999920487571931638e-01 9.999909594332545559e-01 1.000036749992247342e+00 1.000000319987074393e+00 9.999982893344773194e-01 1.000006011887108359e+00 2.999547932785369686e-01 3.000194505937569533e-01 3.000406661778077799e-01 3.000431440419047413e-01 2.999856710801900306e-01 3.000104464804669302e-01 3.000082027201737556e-01
1.000009329488078524e+00 9.999925261904710760e-01 9.999856380714534643e-01 9.999839615726771047e-01 9.999974733474140676e-01 1.000003668386065803e+00 1.000006506000041817e+00 9.999950969962099201e-01 1.000007140491840696e+00 1.000031932158123027e+00 1.000006449947937970e+00 9.999991469207210049e-01 9.999880846826447733e-01 1.000004727685420036e+00 1.000015558567334484e+00 9.999986771338814640e-01 9.999815468372117433e-01 9.999766697450658270e-01 2.999647579001152309e-01 3.000392220743565153e-01 3.000624762158154435e-01 3.000509724676952428e-01 3.000436298163004500e-01 3.000151643759768061e-01
1.000018731797799765e+00 9.999907590158202408e-01 9.999952675293645177e-01 1.000026850798221290e+00 1.000009596262009248e+00 9.999923616447750074e-01 9.999659919983753253e-01 1.000012418189798691e+00 9.999907714179512297e-01 1.000006081372774247e+00 9.999840892479111565e-01 9.999873495641166121e-01 1.000008327995629331e+00 9.999935893649497531e-01 1.000009299249187800e+00 1.000006966433060640e+00 9.999856798827059245e-01 9.999982208211413148e-01 9.999993412449770247e-01 2.999873627880980109e-01 2.999780196406274246e-01 3.000621012419027456e-01 2.914127435921828879e-01 3.000333889234668150e-01
9.999918025305145619e-01 9.999984304528551915e-01 9.999978863785717875e-01 1.000007991789950257e+00 9.999840382663535143e-01 1.000008804584584299e+00 1.000004693313582882e+00 1.000006969948990188e+00 9.999969389615797066e-01 1.000004208013139939e+00 9.999877152920214618e-01 1.000014130060341344e+00 1.000000393403795540e+00 9.999854456048936635e-01 9.999964221699054745e-01 1.000005813920005426e+00 9.999939933416430726e-01 9.999810216862379253e-01 1.000001028294171146e+00 1.000003966434125591e+00 3.000016788097461529e-01 2.914127443210495216e-01 3.148694836533069696e-01 2.914127435093001317e-01
9.999914949264149255e-01 9.999756442034343218e-01 1.000003730817847103e+00 1.000003638598154998e+00 9.999870798030238150e-01 1.000008470642759884e+00 9.999987182523434326e-01 9.999721260562189906e-01 9.999811992495771795e-01 1.000009710760830783e+00 9.999998860942632684e-01 9.999940343230498963e-01 1.000013979255544472e+00 1.000008733694924601e+00 9.999876226136986679e-01 9.999937018461971805e-01 9.999767610275510643e-01 1.000009654336391440e+00 1.000012966960131200e+00 1.000019982923094242e+00 1.000021568089548563e+00 3.000016241393104188e-01 2.914127447146888095e-01 3.000148656848937723e-01
9.999968348663664797e-01 1.000018238794863290e+00 9.999905048089565707e-01 9.999907967328958147e-01 9.999975371973506277e-01 1.000010029106964016e+00 1.000006088099856028e+00 1.000010344076156077e+00 9.999780772707179688e-01 1.000002510164220260e+00 9.999984094270553125e-01 1.000000842614712226e+00 9.999763078235464064e-01 1.000020713508890546e+00 1.000004945474546991e+00 9.999817201770819786e-01 9.999807158274049979e-01 9.999946349574246884e-01 1.000002043345441516e+00 1.000011076964009593e+00 9.999956181879788852e-01 9.999930109554825419e-01 2.999813828506257551e-01 3.000213008655206459e-01
1.000008322925573179e+00 1.000006056841443502e+00 9.999977556381212107e-01 9.999960994601955200e-01 1.000013450481596955e+00 1.000015217640500387e+00 1.000024307882824592e+00 9.999789609882323571e-01 1.000006347584180943e+00 1.000006924800669106e+00 1.000021866749317478e+00 1.000007129328243538e+00 1.000006795420574246e+00 1.000010181143696553e+00 1.000009556434128477e+00 9.999918856863601047e-01 9.999901186305968359e-01 9.999968162862276078e-01 1.000009835595336627e+00 1.000010472810387796e+00 9.999960907156664192e-01 1.000013694365485151e+00 9.999966378454254734e-01 2.999592416064858491e-01
