1.040152403421812886e-02
1.014044908178266327e-02
1.124309503152327513e-02
1.048220085016478807e-02
1.052551889637346957e-02
1.071798077177891703e-02
2.723819790960046658e-02
1.201540235218591057e+01
2.789856536413337267e+02
3.514114741459001962e-02
1.285722926753183129e-02
2.302625581731973861e-02
5.785933584243752731e-02
4.191590055879098031e+01
4.791937306875670544e+01
6.308303644889679873e+01
5.157270060681943136e+01
5.555649740878877907e+01
5.528973415528738400e+01
5.512066691176845268e+01
5.395237237957834253e+01
5.359415203351488799e+01
5.427211352864703997e+01
6.032785919678606490e+01
1.000000000000000000e+00
1.014851004117975873e-02
1.013442487268771675e-02
1.010287815391740576e-02
1.045589551126663123e-02
1.703366966125177795e+00
1.009551285788188452e-02
1.023048048149847317e-02
1.045922703191974092e-02
1.033616758609392713e-02
4.331071575337826829e+01
6.925364900466546203e+01
2.309302529074378288e-02
1.875288976655971329e-02
8.058494054168405252e-02
3.591711357318447817e-01
2.253309513752758605e-02
4.849421103065478889e+01
5.810824041033209397e+01
5.145973314287063261e+01
5.613684387852794089e+01
5.945655260041333179e+01
5.105641491361127038e+01
5.518312381974956793e+01
1.000000000000000000e+00
1.000000000000000000e+00
1.011921460937668070e-02
1.014866922187223491e-02
1.012342119800673131e-02
1.006957668606383915e+00
1.008873154751540636e-02
1.018926406209679295e-02
1.012717311487971311e-02
1.009421889757625493e-02
1.018712060944058223e-02
1.028350009654553990e-02
1.175928032544637514e-02
1.110443383507124515e-02
1.198286187072194857e-02
1.121938835948617028e-02
4.394113717633548077e+01
2.269289791853713531e-02
1.999602850736033872e+02
6.311916468130716140e+01
5.261556780788139775e+01
6.336889886124658489e+01
5.672157189898432250e+01
5.464287393310319629e+01
1.000000000000000000e+00
1.000000000000000000e+00
1.000000000000000000e+00
1.059950317626301777e-02
1.008255324752118515e-02
1.062906433671158106e-02
1.010971309343537163e-02
1.014349080146736970e-02
1.013377210170483302e-02
1.011978564237911785e-02
1.011800277045427771e-02
1.017053301125809411e-02
1.051684034523047914e-02
1.066051873308133946e-02
1.117855155980496638e-02
1.152680584659320114e-02
6.710493432092332000e+01
1.634696170804408322e+00
1.532155427904793692e-02
5.221720228367235705e+01
1.737519513704782470e-01
5.541381154644242457e+01
5.922467890978592919e+01
5.659716617215250523e+01
1.000000000000000000e+00
1.000000000000000000e+00
1.000000000000000000e+00
1.000000000000000000e+00
1.017285204383492139e-02
1.011674999280923019e-02
1.040943852287806899e-02
1.009440213421273699e-02
1.118099698628724319e-02
1.039745470031874786e-02
1.011236428009383743e-02
1.009945030081761848e-02
1.060481755581091368e-02
1.064292825693135928e-02
1.172764984454460931e-02
1.480684921957220804e-02
1.147870650760198126e-02
1.376977374566835249e-02
1.589398174598712771e-02
4.437364329950407860e-01
1.260613782137812340e-02
2.300070780542862394e+02
2.764077267759777783e+02
1.605388659815485120e-01
1.000000000000000000e+00
1.000000000000000000e+00
1.000000000000000000e+00
1.000000000000000000e+00
1.000000000000000000e+00
1.032932335683791475e-02
1.006639378724369718e-02
1.013096121647150474e-02
1.009991514263402015e-02
1.030665713970438380e-02
1.060180250936097399e-02
1.013317558926448390e-02
1.038703179263019728e-02
1.030851612699368140e-02
1.048526972747596334e-02
1.080767934645752819e-02
1.053205659316554070e-02
1.205399214855092452e-02
1.115432778123789243e-02
2.716037731420323453e+00
1.152094400260168273e-02
5.235280147767335279e+01
1.428302855114830551e-02
6.864944479933766388e+02
1.000000000000000000e+00
1.000000000000000000e+00
1.000000000000000000e+00
1.000000000000000000e+00
1.000000000000000000e+00
1.000000000000000000e+00
1.008349149551546198e-02
1.003814408043826427e-02
1.025094193411937686e-02
1.026431840147891232e-02
1.020185524177659973e-02
1.015049561241016321e-02
1.068108756973598465e-02
2.630200979690495294e-02
4.489878450254823683e+00
1.041529732430133103e-02
1.039886428721930635e-02
1.258090258563248839e-02
1.109589557155540862e-02
6.847489291901173658e+01
1.173946594356701026e-02
1.103714917495782731e-02
1.198826632312446731e-02
1.308637619115498966e-02
1.000000000000000000e+00
1.000000000000000000e+00
1.000000000000000000e+00
1.000000000000000000e+00
1.000000000000000000e+00
1.000000000000000000e+00
1.000000000000000000e+00
1.012644985358085795e-02
1.006060770574436838e-02
1.013722845248199618e-02
1.010802381416447439e-02
1.035024323889020999e-02
1.015803156369720316e-02
1.020521606988812613e-02
1.078087844484809307e-02
1.103303687394626559e-02
1.044828825294339021e-02
1.073732891506337488e-02
1.045833885800955682e-02
1.168643472294281747e-02
4.619360085304840169e+01
1.277721404652075107e-02
1.097815242348770988e-02
1.221926730036414221e-02
1.000000000000000000e+00
1.000000000000000000e+00
1.000000000000000000e+00
1.000000000000000000e+00
1.000000000000000000e+00
1.000000000000000000e+00
1.000000000000000000e+00
1.000000000000000000e+00
1.011544386247616167e-02
1.015702590246984893e-02
1.007678756067019454e-02
1.025674986082369781e-02
1.021208137048166577e-02
1.020636564029951676e-02
1.051084436000788817e-02
1.279952815815510285e-02
1.049733227212302014e-02
1.047398181961952529e-02
1.084877261084084971e-02
1.098741616049459489e-02
2.869113261295504202e-02
1.390168193508950316e-02
1.105427496139245805e-02
1.086875166351895274e-02
1.000000000000000000e+00
1.000000000000000000e+00
1.000000000000000000e+00
1.000000000000000000e+00
1.000000000000000000e+00
1.000000000000000000e+00
1.000000000000000000e+00
1.000000000000000000e+00
1.000000000000000000e+00
3.517980936563792849e+00
1.009752345401293376e-02
1.163502194923474696e-02
1.031159949570268665e-02
1.019038248250256871e-02
1.016805739183031417e-02
1.180959337698258768e-02
1.141056119081327973e-02
1.082117427650151550e-02
1.043706776884235389e-02
3.022588899665471018e+01
1.065645878408522963e-02
1.339695636764441124e-02
1.087292492081314878e-02
1.156995905851101319e-02
1.000000000000000000e+00
1.000000000000000000e+00
1.000000000000000000e+00
1.000000000000000000e+00
1.000000000000000000e+00
1.000000000000000000e+00
1.000000000000000000e+00
1.000000000000000000e+00
1.000000000000000000e+00
1.000000000000000000e+00
1.029272707048279126e-02
1.031306727525975984e-02
1.012133587286623976e-02
1.152774913330916091e-02
6.191064600350983937e+00
1.028687821250594270e-02
1.083530531212381978e-02
1.135700519519726621e-02
1.041320376294939572e-02
1.119141184505829771e-02
1.044538942684172453e-02
1.096503354907353567e-02
1.905781397752598708e-02
1.053905684692373057e-02
1.000000000000000000e+00
1.000000000000000000e+00
1.000000000000000000e+00
1.000000000000000000e+00
1.000000000000000000e+00
1.000000000000000000e+00
1.000000000000000000e+00
1.000000000000000000e+00
1.000000000000000000e+00
1.000000000000000000e+00
1.000000000000000000e+00
1.027162074460220148e-02
1.026599552680921255e-02
1.041977591705702151e-02
1.039630161190066571e-02
1.012361615379887315e-02
1.049749148161232583e-02
1.074083333110316223e-02
6.694194188016859559e-02
1.031185300279089875e-02
1.097088242283468865e-02
1.100434717657837458e-02
1.370633513840554749e-02
1.588965099991442287e+01
1.000000000000000000e+00
1.000000000000000000e+00
1.000000000000000000e+00
1.000000000000000000e+00
1.000000000000000000e+00
1.000000000000000000e+00
1.000000000000000000e+00
1.000000000000000000e+00
1.000000000000000000e+00
1.000000000000000000e+00
1.000000000000000000e+00
1.000000000000000000e+00
1.014428630716563383e-02
1.083725295509367292e+01
1.306838746323440471e-02
1.227889139726409500e-02
1.025294830761315848e-02
7.779228186338561279e+00
1.112802401652908564e-02
1.048786891460207552e-02
1.053772656240933164e-02
1.079654453966772711e-02
1.056767857433447630e-02
1.183825420895397683e-02
1.000000000000000000e+00
1.000000000000000000e+00
1.000000000000000000e+00
1.000000000000000000e+00
1.000000000000000000e+00
1.000000000000000000e+00
1.000000000000000000e+00
1.000000000000000000e+00
1.000000000000000000e+00
1.000000000000000000e+00
1.000000000000000000e+00
1.000000000000000000e+00
1.000000000000000000e+00
1.020723908788705170e-02
1.138581124600210499e-02
1.019431511223797653e-02
1.017762386552599485e-02
1.201273692299714008e-02
1.054746471212674938e-02
1.150260400683122519e+01
1.039888543751290792e-02
1.041788958201920329e-02
1.125482834471021668e-02
9.297071096999715678e+00
1.000000000000000000e+00
1.000000000000000000e+00
1.000000000000000000e+00
1.000000000000000000e+00
1.000000000000000000e+00
1.000000000000000000e+00
1.000000000000000000e+00
1.000000000000000000e+00
1.000000000000000000e+00
1.000000000000000000e+00
1.000000000000000000e+00
1.000000000000000000e+00
1.000000000000000000e+00
1.000000000000000000e+00
1.011539179237498295e-02
9.030398123814864064e+00
1.825054437153158560e+01
1.046294724148979539e-02
1.546413602687653731e-02
1.088067745603691142e-02
1.065965788734883624e-02
1.040513285022545004e-02
1.078668586005982095e-02
1.058228549835082966e-02
1.000000000000000000e+00
1.000000000000000000e+00
1.000000000000000000e+00
1.000000000000000000e+00
1.000000000000000000e+00
1.000000000000000000e+00
1.000000000000000000e+00
1.000000000000000000e+00
1.000000000000000000e+00
1.000000000000000000e+00
1.000000000000000000e+00
1.000000000000000000e+00
1.000000000000000000e+00
1.000000000000000000e+00
1.000000000000000000e+00
1.017060416918128332e-02
1.033006990781709829e-02
1.242581242194177107e-02
1.033361307254696340e-02
1.045751913392673101e-02
1.143470427218309590e-02
1.046749257108688450e-02
1.046327602131768425e-02
1.058101941704826972e-02
1.000000000000000000e+00
1.000000000000000000e+00
1.000000000000000000e+00
1.000000000000000000e+00
1.000000000000000000e+00
1.000000000000000000e+00
1.000000000000000000e+00
1.000000000000000000e+00
1.000000000000000000e+00
1.000000000000000000e+00
1.000000000000000000e+00
1.000000000000000000e+00
1.000000000000000000e+00
1.000000000000000000e+00
1.000000000000000000e+00
1.000000000000000000e+00
1.077864728750455373e-02
1.043110039907407978e-02
1.108217224070322769e-02
1.060180946655398665e-02
1.093451625303447708e-02
1.049653788798363650e-02
4.890625294249073995e+00
1.059300829404067820e-02
1.000000000000000000e+00
1.000000000000000000e+00
1.000000000000000000e+00
1.000000000000000000e+00
1.000000000000000000e+00
1.000000000000000000e+00
1.000000000000000000e+00
1.000000000000000000e+00
1.000000000000000000e+00
1.000000000000000000e+00
1.000000000000000000e+00
1.000000000000000000e+00
1.000000000000000000e+00
1.000000000000000000e+00
1.000000000000000000e+00
1.000000000000000000e+00
1.000000000000000000e+00
1.015779977271422108e-02
1.073095425252466699e-02
1.111118142572089205e-02
1.085408258958150789e-02
1.402133934004121896e+00
1.045298123553918757e+01
1.335942715700089850e-02
1.000000000000000000e+00
1.000000000000000000e+00
1.000000000000000000e+00
1.000000000000000000e+00
1.000000000000000000e+00
1.000000000000000000e+00
1.000000000000000000e+00
1.000000000000000000e+00
1.000000000000000000e+00
1.000000000000000000e+00
1.000000000000000000e+00
1.000000000000000000e+00
1.000000000000000000e+00
1.000000000000000000e+00
1.000000000000000000e+00
1.000000000000000000e+00
1.000000000000000000e+00
1.000000000000000000e+00
1.061661339725508864e-02
4.130774228628550482e+00
1.089846891445323158e-02
1.048042526238752645e-02
1.199739076189629446e-02
1.462386220004365314e-02
1.000000000000000000e+00
1.000000000000000000e+00
1.000000000000000000e+00
1.000000000000000000e+00
1.000000000000000000e+00
1.000000000000000000e+00
1.000000000000000000e+00
1.000000000000000000e+00
1.000000000000000000e+00
1.000000000000000000e+00
1.000000000000000000e+00
1.000000000000000000e+00
1.000000000000000000e+00
1.000000000000000000e+00
1.000000000000000000e+00
1.000000000000000000e+00
1.000000000000000000e+00
1.000000000000000000e+00
1.000000000000000000e+00
1.017070004377117545e-02
1.010665418059424603e+01
1.288285453456733225e-02
1.046263980260818231e-02
1.159831602699067273e-02
1.000000000000000000e+00
1.000000000000000000e+00
1.000000000000000000e+00
1.000000000000000000e+00
1.000000000000000000e+00
1.000000000000000000e+00
1.000000000000000000e+00
1.000000000000000000e+00
1.000000000000000000e+00
1.000000000000000000e+00
1.000000000000000000e+00
1.000000000000000000e+00
1.000000000000000000e+00
1.000000000000000000e+00
1.000000000000000000e+00
1.000000000000000000e+00
1.000000000000000000e+00
1.000000000000000000e+00
1.000000000000000000e+00
1.000000000000000000e+00
1.024142828720693565e-02
1.037713901000198412e-02
7.106837683925309790e+00
1.048741525342431966e-02
1.000000000000000000e+00
1.000000000000000000e+00
1.000000000000000000e+00
1.000000000000000000e+00
1.000000000000000000e+00
1.000000000000000000e+00
1.000000000000000000e+00
1.000000000000000000e+00
1.000000000000000000e+00
1.000000000000000000e+00
1.000000000000000000e+00
1.000000000000000000e+00
1.000000000000000000e+00
1.000000000000000000e+00
1.000000000000000000e+00
1.000000000000000000e+00
1.000000000000000000e+00
1.000000000000000000e+00
1.000000000000000000e+00
1.000000000000000000e+00
1.000000000000000000e+00
1.072785008516651852e-02
1.036054221197560930e-02
1.302300067144902584e+01
1.000000000000000000e+00
1.000000000000000000e+00
1.000000000000000000e+00
1.000000000000000000e+00
1.000000000000000000e+00
1.000000000000000000e+00
1.000000000000000000e+00
1.000000000000000000e+00
1.000000000000000000e+00
1.000000000000000000e+00
1.000000000000000000e+00
1.000000000000000000e+00
1.000000000000000000e+00
1.000000000000000000e+00
1.000000000000000000e+00
1.000000000000000000e+00
1.000000000000000000e+00
1.000000000000000000e+00
1.000000000000000000e+00
1.000000000000000000e+00
1.000000000000000000e+00
1.000000000000000000e+00
1.008620629308033638e-02
1.043092928085746079e-02
1.000000000000000000e+00
1.000000000000000000e+00
1.000000000000000000e+00
1.000000000000000000e+00
1.000000000000000000e+00
1.000000000000000000e+00
1.000000000000000000e+00
1.000000000000000000e+00
1.000000000000000000e+00
1.000000000000000000e+00
1.000000000000000000e+00
1.000000000000000000e+00
1.000000000000000000e+00
1.000000000000000000e+00
1.000000000000000000e+00
1.000000000000000000e+00
1.000000000000000000e+00
1.000000000000000000e+00
1.000000000000000000e+00
1.000000000000000000e+00
1.000000000000000000e+00
1.000000000000000000e+00
1.000000000000000000e+00
1.020022311044915461e-02
