1.075624926385649438e+00
1.064614686008470201e+00
1.063958612380750068e+00
1.005356169409639122e+00
1.090677150305586984e+00
1.025992724196367334e+00
1.004740820206068808e+00
1.016421722836317709e+00
1.287324071605208786e+00
1.061516521441039362e+00
1.073527934824939578e+00
1.209017553725821426e+00
1.017803505345578508e+00
1.038213247775612302e+00
1.010503911358372697e+00
1.004839871876367141e+00
1.014175772301559419e+00
1.019157653759518389e+00
1.059169028073912777e+00
1.051468575722826149e+00
1.008017149974020477e+00
1.043002802286606023e+00
1.065534870142351043e+00
1.049000379235032643e+00
1.000000000000000000e+00
1.009212280997985545e+00
1.022976813477256108e+00
1.036424475050530702e+00
1.023628622174864056e+00
1.002672772904315224e+00
1.070467351326543692e+00
1.039996143930140171e+00
1.015476457753271333e+00
1.320726028825779164e+00
1.072815044854777078e+00
1.015613754753948328e+00
1.243650243370157060e+00
1.075453260201609140e+00
1.096844023339262897e+00
1.257634452086290544e+00
1.061669216469124599e+00
1.081799647477584614e+00
1.085097185982694334e+00
1.083815888464484178e+00
1.029472190673965670e+00
1.076632202966400165e+00
1.040033418392127373e+00
1.098372280002534840e+00
1.000000000000000000e+00
1.000000000000000000e+00
1.031534593096289143e+00
1.072461019346652833e+00
1.031962842027327909e+00
1.006235211078699621e+00
1.018869286652261508e+00
1.097860564255392024e+00
1.033803780714326326e+00
1.021598409311478939e+00
1.079115241171186845e+00
1.078791141696333611e+00
1.052733436041045856e+00
1.046122145844983642e+00
1.055231676238131300e+00
1.033296655689804222e+00
1.286567700057050345e+00
1.089313350779332001e+00
1.253235438784095823e+00
1.000249659831405680e+00
1.065886366449815270e+00
1.001905084489641329e+00
1.019959256212938481e+00
1.089649535255430735e+00
1.000000000000000000e+00
1.000000000000000000e+00
1.000000000000000000e+00
1.082975548531796672e+00
1.088545273313271000e+00
1.022868167239933790e+00
1.019735705726922514e+00
1.000489755055411933e+00
1.074114100594865118e+00
1.017934770306187175e+00
1.086495655376229497e+00
1.019862769309401340e+00
1.089594920905445186e+00
1.017512662418508462e+00
1.096133884763748956e+00
1.048680917054939599e+00
1.062608619275205779e+00
1.310418793045578845e+00
1.020398813722892317e+00
1.249432545180852117e+00
1.078582372755000574e+00
1.022219505313420651e+00
1.074324567223306381e+00
1.036926189818531352e+00
1.000000000000000000e+00
1.000000000000000000e+00
1.000000000000000000e+00
1.000000000000000000e+00
1.024460998701973935e+00
1.017541985505570956e+00
1.072841502335549535e+00
1.060527898606110409e+00
1.045877180800627748e+00
1.033107208638969432e+00
1.017537358834009975e+00
1.093874840367422330e+00
1.040108268864967656e+00
1.027217597663506510e+00
1.004125771376837228e+00
1.078945414326989649e+00
1.044514777010340012e+00
1.057054864211844691e+00
1.304034769082515144e+00
1.069629227359108370e+00
1.299358965907216668e+00
1.089827597887803812e+00
1.308121216591165759e+00
1.045379004367246178e+00
1.000000000000000000e+00
1.000000000000000000e+00
1.000000000000000000e+00
1.000000000000000000e+00
1.000000000000000000e+00
1.029103134691066845e+00
1.052547138919738945e+00
1.079815694914738167e+00
1.060663548784517296e+00
1.062952543426532337e+00
1.027452088309536826e+00
1.027975603662313997e+00
1.015879505256485515e+00
1.080673269081511290e+00
1.015996074754185408e+00
1.057830321340677671e+00
1.058097239043737314e+00
1.026463975627926573e+00
1.004520915371575285e+00
1.299549000657409081e+00
1.023156464810080823e+00
1.303792790529074264e+00
1.059229211996247866e+00
1.283469580927127929e+00
1.000000000000000000e+00
1.000000000000000000e+00
1.000000000000000000e+00
1.000000000000000000e+00
1.000000000000000000e+00
1.000000000000000000e+00
1.053667588758869123e+00
1.056145496869182132e+00
1.049423702791674184e+00
1.089172056201660688e+00
1.054749204663810502e+00
1.089204395611289122e+00
1.035528939479006372e+00
1.006499372534620740e+00
1.030524179606111090e+00
1.037671609698900266e+00
1.005164755465458803e+00
1.074374095172077048e+00
1.268145822555680091e+00
1.050195336332958806e+00
1.312858022136779823e+00
1.010999640708750036e+00
1.283603312779202810e+00
1.029504899531564988e+00
1.000000000000000000e+00
1.000000000000000000e+00
1.000000000000000000e+00
1.000000000000000000e+00
1.000000000000000000e+00
1.000000000000000000e+00
1.000000000000000000e+00
1.079505828332928186e+00
1.045355318103941222e+00
1.062671853290601653e+00
1.098752897422252239e+00
1.009475332646455392e+00
1.094787194392970342e+00
1.093358958499479172e+00
1.004285729219168033e+00
1.067315156586480462e+00
1.055987964061300133e+00
1.086534306659257876e+00
1.051805068946136235e+00
1.349005913126523737e+00
1.094542150912998668e+00
1.304997337215424213e+00
1.095946183471507851e+00
1.282479313881355942e+00
1.000000000000000000e+00
1.000000000000000000e+00
1.000000000000000000e+00
1.000000000000000000e+00
1.000000000000000000e+00
1.000000000000000000e+00
1.000000000000000000e+00
1.000000000000000000e+00
1.020447919966839034e+00
1.012029342642094321e+00
1.048700938180812781e+00
1.081193358720207609e+00
1.079780535194763580e+00
1.025204196904049070e+00
1.005221432685657668e+00
1.034255284297326050e+00
1.045267129435909492e+00
1.024371430268847583e+00
1.019017394802518517e+00
1.054887381055768181e+00
1.332875153647432587e+00
1.023564098841652559e+00
1.312026536802457066e+00
1.012209832496618667e+00
1.000000000000000000e+00
1.000000000000000000e+00
1.000000000000000000e+00
1.000000000000000000e+00
1.000000000000000000e+00
1.000000000000000000e+00
1.000000000000000000e+00
1.000000000000000000e+00
1.000000000000000000e+00
1.041819244571558389e+00
1.078360833902028304e+00
1.073798870978704745e+00
1.085088013477905733e+00
1.078528924762986563e+00
1.091767790720273190e+00
1.062923621720949008e+00
1.065786865807684780e+00
1.025435172671952611e+00
1.075512199745165098e+00
1.333140093748520272e+00
1.034749787088180994e+00
1.315587082936928276e+00
1.002733383559424318e+00
1.304564965175250890e+00
1.000000000000000000e+00
1.000000000000000000e+00
1.000000000000000000e+00
1.000000000000000000e+00
1.000000000000000000e+00
1.000000000000000000e+00
1.000000000000000000e+00
1.000000000000000000e+00
1.000000000000000000e+00
1.000000000000000000e+00
1.092915730759477011e+00
1.029529543194084962e+00
1.030741929548746327e+00
1.043919521493159586e+00
1.049307408775337347e+00
1.037813535023364153e+00
1.061152364278253657e+00
1.062441914123176456e+00
1.072892776392940561e+00
1.040458485048023185e+00
1.027397478891452387e+00
1.037401320608770217e+00
1.299971239818157542e+00
1.081992135839473512e+00
1.000000000000000000e+00
1.000000000000000000e+00
1.000000000000000000e+00
1.000000000000000000e+00
1.000000000000000000e+00
1.000000000000000000e+00
1.000000000000000000e+00
1.000000000000000000e+00
1.000000000000000000e+00
1.000000000000000000e+00
1.000000000000000000e+00
1.079295799141481105e+00
1.011670282172524082e+00
1.081027748663865307e+00
1.079047986395866410e+00
1.084213375301228410e+00
1.085112563436125388e+00
1.080911927442705256e+00
1.041084578319719345e+00
1.079258574019830608e+00
1.075047587804839111e+00
1.304876670414494289e+00
1.010981852182497143e+00
1.323973610346205643e+00
1.000000000000000000e+00
1.000000000000000000e+00
1.000000000000000000e+00
1.000000000000000000e+00
1.000000000000000000e+00
1.000000000000000000e+00
1.000000000000000000e+00
1.000000000000000000e+00
1.000000000000000000e+00
1.000000000000000000e+00
1.000000000000000000e+00
1.000000000000000000e+00
1.012617128056231053e+00
1.011666726215454837e+00
1.030282183116836947e+00
1.346973236199957569e+00
1.079131105538714053e+00
1.068149725979697706e+00
1.075026980049594627e+00
1.088595511164082374e+00
1.092810482115517789e+00
1.039188416618122002e+00
1.311634405405623927e+00
1.010161104173330937e+00
1.000000000000000000e+00
1.000000000000000000e+00
1.000000000000000000e+00
1.000000000000000000e+00
1.000000000000000000e+00
1.000000000000000000e+00
1.000000000000000000e+00
1.000000000000000000e+00
1.000000000000000000e+00
1.000000000000000000e+00
1.000000000000000000e+00
1.000000000000000000e+00
1.000000000000000000e+00
1.098241256457280546e+00
1.007649322257340607e+00
1.057458507363754130e+00
1.339257867209803443e+00
1.009622353765822211e+00
1.036433398867947719e+00
1.050780286154958887e+00
1.051368985709641990e+00
1.082410648472846404e+00
1.073100232979233848e+00
1.325890517000173130e+00
1.000000000000000000e+00
1.000000000000000000e+00
1.000000000000000000e+00
1.000000000000000000e+00
1.000000000000000000e+00
1.000000000000000000e+00
1.000000000000000000e+00
1.000000000000000000e+00
1.000000000000000000e+00
1.000000000000000000e+00
1.000000000000000000e+00
1.000000000000000000e+00
1.000000000000000000e+00
1.000000000000000000e+00
1.021895792264160718e+00
1.058688439139246373e+00
1.048388578333784960e+00
1.329833683239889375e+00
1.086660268800077489e+00
1.032872224983592879e+00
1.024481386590715637e+00
1.033551776501763442e+00
1.067221589395552339e+00
1.089545558892691446e+00
1.000000000000000000e+00
1.000000000000000000e+00
1.000000000000000000e+00
1.000000000000000000e+00
1.000000000000000000e+00
1.000000000000000000e+00
1.000000000000000000e+00
1.000000000000000000e+00
1.000000000000000000e+00
1.000000000000000000e+00
1.000000000000000000e+00
1.000000000000000000e+00
1.000000000000000000e+00
1.000000000000000000e+00
1.000000000000000000e+00
1.054043789961732980e+00
1.073791179324296685e+00
1.097492350476164003e+00
1.364941084231015900e+00
1.051743020931809269e+00
1.025305172938109521e+00
1.090223134427451779e+00
1.035392638641408070e+00
1.012889768597883933e+00
1.000000000000000000e+00
1.000000000000000000e+00
1.000000000000000000e+00
1.000000000000000000e+00
1.000000000000000000e+00
1.000000000000000000e+00
1.000000000000000000e+00
1.000000000000000000e+00
1.000000000000000000e+00
1.000000000000000000e+00
1.000000000000000000e+00
1.000000000000000000e+00
1.000000000000000000e+00
1.000000000000000000e+00
1.000000000000000000e+00
1.000000000000000000e+00
1.070322655171988657e+00
1.003494019710040597e+00
1.072168010448665498e+00
1.302948010356959951e+00
1.018716293656858340e+00
1.094256623540622364e+00
1.011006276990620734e+00
1.083247156140535239e+00
1.000000000000000000e+00
1.000000000000000000e+00
1.000000000000000000e+00
1.000000000000000000e+00
1.000000000000000000e+00
1.000000000000000000e+00
1.000000000000000000e+00
1.000000000000000000e+00
1.000000000000000000e+00
1.000000000000000000e+00
1.000000000000000000e+00
1.000000000000000000e+00
1.000000000000000000e+00
1.000000000000000000e+00
1.000000000000000000e+00
1.000000000000000000e+00
1.000000000000000000e+00
1.027414452815832213e+00
1.075815099658909091e+00
1.043164939603767660e+00
1.321682699695185814e+00
1.073180124146619896e+00
1.309599876388579442e+00
1.098115160666389478e+00
1.000000000000000000e+00
1.000000000000000000e+00
1.000000000000000000e+00
1.000000000000000000e+00
1.000000000000000000e+00
1.000000000000000000e+00
1.000000000000000000e+00
1.000000000000000000e+00
1.000000000000000000e+00
1.000000000000000000e+00
1.000000000000000000e+00
1.000000000000000000e+00
1.000000000000000000e+00
1.000000000000000000e+00
1.000000000000000000e+00
1.000000000000000000e+00
1.000000000000000000e+00
1.000000000000000000e+00
1.018615663804122384e+00
1.061079111693663535e+00
1.028290176633891218e+00
1.027270302969223614e+00
1.022104190531647916e+00
1.267381170113473399e+00
1.000000000000000000e+00
1.000000000000000000e+00
1.000000000000000000e+00
1.000000000000000000e+00
1.000000000000000000e+00
1.000000000000000000e+00
1.000000000000000000e+00
1.000000000000000000e+00
1.000000000000000000e+00
1.000000000000000000e+00
1.000000000000000000e+00
1.000000000000000000e+00
1.000000000000000000e+00
1.000000000000000000e+00
1.000000000000000000e+00
1.000000000000000000e+00
1.000000000000000000e+00
1.000000000000000000e+00
1.000000000000000000e+00
1.036044610487837581e+00
1.052113536751266842e+00
1.349556490973034428e+00
1.074585718178021843e+00
1.002155399723759110e+00
1.000000000000000000e+00
1.000000000000000000e+00
1.000000000000000000e+00
1.000000000000000000e+00
1.000000000000000000e+00
1.000000000000000000e+00
1.000000000000000000e+00
1.000000000000000000e+00
1.000000000000000000e+00
1.000000000000000000e+00
1.000000000000000000e+00
1.000000000000000000e+00
1.000000000000000000e+00
1.000000000000000000e+00
1.000000000000000000e+00
1.000000000000000000e+00
1.000000000000000000e+00
1.000000000000000000e+00
1.000000000000000000e+00
1.000000000000000000e+00
1.009718335657236121e+00
1.078420411838451276e+00
1.378973986776002914e+00
1.071964594691504846e+00
1.000000000000000000e+00
1.000000000000000000e+00
1.000000000000000000e+00
1.000000000000000000e+00
1.000000000000000000e+00
1.000000000000000000e+00
1.000000000000000000e+00
1.000000000000000000e+00
1.000000000000000000e+00
1.000000000000000000e+00
1.000000000000000000e+00
1.000000000000000000e+00
1.000000000000000000e+00
1.000000000000000000e+00
1.000000000000000000e+00
1.000000000000000000e+00
1.000000000000000000e+00
1.000000000000000000e+00
1.000000000000000000e+00
1.000000000000000000e+00
1.000000000000000000e+00
1.081212362751526435e+00
1.003710329515692834e+00
1.326896681546623658e+00
1.000000000000000000e+00
1.000000000000000000e+00
1.000000000000000000e+00
1.000000000000000000e+00
1.000000000000000000e+00
1.000000000000000000e+00
1.000000000000000000e+00
1.000000000000000000e+00
1.000000000000000000e+00
1.000000000000000000e+00
1.000000000000000000e+00
1.000000000000000000e+00
1.000000000000000000e+00
1.000000000000000000e+00
1.000000000000000000e+00
1.000000000000000000e+00
1.000000000000000000e+00
1.000000000000000000e+00
1.000000000000000000e+00
1.000000000000000000e+00
1.000000000000000000e+00
1.000000000000000000e+00
1.015728141601923262e+00
1.079243760876808622e+00
1.000000000000000000e+00
1.000000000000000000e+00
1.000000000000000000e+00
1.000000000000000000e+00
1.000000000000000000e+00
1.000000000000000000e+00
1.000000000000000000e+00
1.000000000000000000e+00
1.000000000000000000e+00
1.000000000000000000e+00
1.000000000000000000e+00
1.000000000000000000e+00
1.000000000000000000e+00
1.000000000000000000e+00
1.000000000000000000e+00
1.000000000000000000e+00
1.000000000000000000e+00
1.000000000000000000e+00
1.000000000000000000e+00
1.000000000000000000e+00
1.000000000000000000e+00
1.000000000000000000e+00
1.000000000000000000e+00
1.024349397469200618e+00
