1.000000000000037526e-01 1.000000000000117462e-01 1.007618763657501804e-01 1.534660344962278655e-01 2.343967091879611830e-01 3.575994828319718488e-01 4.484466869485802532e-01 5.898239540515096690e-01 9.078733254137866249e-01 9.229810806568058412e-01 5.941710323475365430e-01 8.569336764019638286e-01 9.893069806685480527e-01 6.737668346862696334e-01 6.692906244783071168e-01 1.033808962638242068e+00 9.169560933586836660e-01 1.356810238568568305e+00 1.968065666064332753e+00 2.819148367295251312e+00 2.317646125675853153e+00 1.999320539231853378e+00 1.789930570162133527e+00 1.638422621949414903e+00
nan 1.000000000000101918e-01 1.000000000000241807e-01 1.060076988392230080e-01 1.654796769600205275e-01 2.584829010080348377e-01 2.977823880647735288e-01 3.731072111995040741e-01 5.887837315364959911e-01 9.076783531084621215e-01 8.748068210297154090e-01 8.952620567061592149e-01 1.117825426062663219e+00 7.502545166608410865e-01 6.211410264918079127e-01 9.324733267270101100e-01 6.582410748587032012e-01 9.526061299010984973e-01 1.394456779111995282e+00 2.009130388115811350e+00 2.905554441064382321e+00 2.164065631470853290e+00 1.852957751902877259e+00 1.671003933871126002e+00
nan nan 1.000000000000117462e-01 1.000000000000321743e-01 1.144306640656757024e-01 1.781407002972984488e-01 2.752627195001350335e-01 2.376882780989920674e-01 3.713263874630997607e-01 5.835098916808986180e-01 5.622410454436718164e-01 5.829302774097476769e-01 7.505135150338168026e-01 4.957340408613709615e-01 4.141071409101654277e-01 6.118271572077426113e-01 9.323074261922364991e-01 1.295150066216137930e+00 1.936738811124718129e+00 2.894660013747622607e+00 2.308436594526976027e+00 2.037855945880231001e+00 2.012072022737975363e+00 1.969377011266235211e+00
nan nan nan 1.000000000000303979e-01 1.000000000000252909e-01 1.181818953201786426e-01 1.824005229467983158e-01 1.550538627861507424e-01 2.383929805151810966e-01 3.769250520178063502e-01 3.642775825991443339e-01 3.817055121990716726e-01 5.103645138243401158e-01 3.382598500365933125e-01 4.830739823253019649e-01 7.366845332439061478e-01 1.143484554218840543e+00 1.783788806651840808e+00 2.795047457119392398e+00 4.332833349144461721e+00 3.482389439259123254e+00 2.465631365867059888e+00 2.420568739632168676e+00 2.012073661968487137e+00
nan nan nan nan 1.000000000000190736e-01 1.000000000000383915e-01 1.191089853370955742e-01 1.511182119056563300e-01 1.535111934378122767e-01 2.398160145740894089e-01 2.378030484829415370e-01 2.495645808723850889e-01 3.398504199763371370e-01 4.974819440826426797e-01 7.116901328285306638e-01 5.212490250604869813e-01 8.051322572021261115e-01 1.264012092298740786e+00 1.998090439023950005e+00 3.140385413829629879e+00 4.833936388901886261e+00 3.817156388089790742e+00 3.690966867704462917e+00 2.424812442635683851e+00
nan nan nan nan nan 1.000000000000261791e-01 1.000000000000303979e-01 1.000000022551791323e-01 1.095272662868634894e-01 1.657478202395809008e-01 2.576336859425586434e-01 3.828900718560767080e-01 3.217721937079714989e-01 4.180929574839559182e-01 4.655278080303638655e-01 3.941485003146883992e-01 5.924056985496785055e-01 9.261016833548428862e-01 1.463052776784199871e+00 2.324410356204786865e+00 3.672972354687462637e+00 5.813048045701060929e+00 5.739154622325785660e+00 3.739378207804155085e+00
nan nan nan nan nan nan 1.000000000000155209e-01 1.000047402087355097e-01 1.554282168874346892e-01 1.814740708504852806e-01 2.799218157481661029e-01 4.337142722841761389e-01 4.842895648291888344e-01 6.279544721361535187e-01 4.257554738163641384e-01 6.136694520377737883e-01 7.912406582368732844e-01 1.247689683862872823e+00 1.989077728889763641e+00 3.196522428622620371e+00 5.113597665179576701e+00 8.109578665638492723e+00 9.090343043045576721e+00 5.844944551882174544e+00
nan nan nan nan nan nan nan 1.000000000000235145e-01 1.402137680259946118e-01 2.206376222734506287e-01 2.263506045552691193e-01 3.556765700723910628e-01 3.228747829676569259e-01 4.070546933684041635e-01 3.994192608386951671e-01 6.011177205251240219e-01 6.026243738315909537e-01 9.387309362751733444e-01 1.480309466982145938e+00 2.377658735222794917e+00 3.838029380854924622e+00 6.183358074914620417e+00 9.898355406669132606e+00 9.298131077760981356e+00
nan nan nan nan nan nan nan nan 1.000000000000363931e-01 1.490763923012735637e-01 2.321316792666053841e-01 3.055720519232144605e-01 4.826331183946329650e-01 3.862841641616588939e-01 5.878226639620872662e-01 9.113451867524532402e-01 9.388117102992151741e-01 6.128617823079264282e-01 9.620826903288682841e-01 1.532350124238653244e+00 2.469632230802051964e+00 3.979928008802077866e+00 6.395833659167815988e+00 1.021916991361428551e+01
nan nan nan nan nan nan nan nan nan 1.956363556776986590e-01 3.054904616919550397e-01 4.809393321845069069e-01 3.098350548005032179e-01 4.850168376004119208e-01 5.348436852470047631e-01 8.427268841817040501e-01 6.745766216595271425e-01 4.501004680062100638e-01 6.353465538110020239e-01 9.964779562161377724e-01 1.588143255634300033e+00 2.550577658913766310e+00 4.072909332649997438e+00 6.472919745117018842e+00
nan nan nan nan nan nan nan nan nan nan 1.983986581633702118e-01 3.096692894613929381e-01 3.529965192676588481e-01 5.434647848085868427e-01 8.433063253564897499e-01 5.466318572774783169e-01 4.557239506627573933e-01 6.875730069867317384e-01 5.088290839780603703e-01 6.419036151626821285e-01 9.976088688911787239e-01 1.593668894783308421e+00 2.553453696607937307e+00 4.073178059777159632e+00
nan nan nan nan nan nan nan nan nan nan nan 2.254279061740408485e-01 3.520471263869245915e-01 5.471622074230485522e-01 8.597182652214124809e-01 5.521847101553957193e-01 4.494799080504640054e-01 6.882498103518054355e-01 7.896775147405458162e-01 7.051831365430881737e-01 1.113027972543255029e+00 1.778356893196360922e+00 2.851636906401807892e+00 4.541733850499289460e+00
nan nan nan nan nan nan nan nan nan nan nan nan 3.095321998329844115e-01 4.848441644105222492e-01 5.591714859817781269e-01 8.625637638023851972e-01 6.807625351315650386e-01 1.061847386547619010e+00 7.187486306728004815e-01 4.675391735043662456e-01 7.053678521309115768e-01 1.113382824216686551e+00 1.780372518613269950e+00 2.851568263144239168e+00
nan nan nan nan nan nan nan nan nan nan nan nan nan 3.274291006315718233e-01 5.110371387892785888e-01 5.546664477491171086e-01 8.626204415386250490e-01 7.232492976148851005e-01 5.030529050738411501e-01 7.054309596197086973e-01 4.526357201399063834e-01 7.043577395924515150e-01 1.113783847572737074e+00 1.780503433117831769e+00
nan nan nan nan nan nan nan nan nan nan nan nan nan nan 3.378692455957074126e-01 5.302885268738416480e-01 7.356425739221347238e-01 1.120622380834816578e+00 7.181866052211843821e-01 4.691914316221065251e-01 7.037708203122879924e-01 4.513401427109465791e-01 7.043569324868476089e-01 1.113867331254713822e+00
nan nan nan nan nan nan nan nan nan nan nan nan nan nan nan 3.400465304628345065e-01 5.311619192531419342e-01 7.294680411649200336e-01 5.466369691178248891e-01 3.510954115841030676e-01 4.949294098224074068e-01 3.973391688617492479e-01 5.943125731957142888e-01 7.051990035800798085e-01
nan nan nan nan nan nan nan nan nan nan nan nan nan nan nan nan 3.422730693738541552e-01 5.321590108324815160e-01 3.819617440509232020e-01 5.467254162808375950e-01 3.993961702458529439e-01 6.075689475582800592e-01 9.308699219275374803e-01 5.942458427865343618e-01
nan nan nan nan nan nan nan nan nan nan nan nan nan nan nan nan nan 3.593737282847632164e-01 5.604420231056522761e-01 8.497479942327402780e-01 6.109705570400006946e-01 9.334738716198026642e-01 1.451508683817386736e+00 9.310042239298094158e-01
nan nan nan nan nan nan nan nan nan nan nan nan nan nan nan nan nan nan 6.190471563143048472e-01 9.660965901608459250e-01 9.454597339995575167e-01 8.636188572006128217e-01 9.478022917625478216e-01 1.453279158636176849e+00
nan nan nan nan nan nan nan nan nan nan nan nan nan nan nan nan nan nan nan 6.129512022119799619e-01 9.661420477149319508e-01 1.352364101427204091e+00 9.129388983364986609e-01 9.464011250967935274e-01
nan nan nan nan nan nan nan nan nan nan nan nan nan nan nan nan nan nan nan nan 6.141702984057920700e-01 9.621901864966614371e-01 1.436408278193034516e+00 9.198212641837256731e-01
nan nan nan nan nan nan nan nan nan nan nan nan nan nan nan nan nan nan nan nan nan 6.243886122508485181e-01 9.162979621881587322e-01 1.436064882250768004e+00
nan nan nan nan nan nan nan nan nan nan nan nan nan nan nan nan nan nan nan nan nan nan 5.781430825311887345e-01 9.163274892768028534e-01
nan nan nan nan nan nan nan nan nan nan nan nan nan nan nan nan nan nan nan nan nan nan nan 5.660963754019227023e-01
