1.000000000282260659e-01 1.000000000407655909e-01 1.342240987489898840e-01 2.047772882802531003e-01 3.126023340295290831e-01 4.777758900591962954e-01 6.691001359860851982e-01 7.126647810847624998e-01 1.094261018553067899e+00 7.589476888387912679e-01 7.266360146594753600e-01 1.078735764222952476e+00 1.120603431263221150e+00 7.645511122493234835e-01 8.810856980009748041e-01 1.037177008758371155e+00 7.577753876405338707e-01 9.047404605078602779e-01 1.351908233965385175e+00 1.375258376661093074e+00 2.009165636685407375e+00 2.013939349407335211e+00 1.690845012043781015e+00 1.693872103946874930e+00
nan 1.000000000112953868e-01 1.000000000178739024e-01 1.365172160152973158e-01 2.128214053991158705e-01 3.323897799572855805e-01 4.359937778181927071e-01 4.508797922244788259e-01 7.120044448528056735e-01 1.005231144943563137e+00 9.512505060923482914e-01 1.059959178967889493e+00 9.474323278376987068e-01 8.788868503654337916e-01 6.734514611286875896e-01 1.012927285080166051e+00 6.541162060580590909e-01 1.012941988252618497e+00 1.250946402096150933e+00 1.834334189594157394e+00 1.963990482897984613e+00 1.746669001166771817e+00 1.485329145914095150e+00 1.072390469938483193e+00
nan nan 1.000000000113007159e-01 1.000000000471942263e-01 1.395443637305823215e-01 2.167936068548234063e-01 3.293321475559561895e-01 2.859441877347282945e-01 4.500847771400057207e-01 6.521850172152413583e-01 6.095201033685678782e-01 6.882467286002743601e-01 6.390654234183227311e-01 5.823790379612178159e-01 4.479588276381755163e-01 6.601847433932080955e-01 1.012731701355767289e+00 1.217357120996443776e+00 1.820707961693623922e+00 2.739090999455200848e+00 2.040581900524898185e+00 1.761015857889969283e+00 1.673670109836309816e+00 1.439452570483190197e+00
nan nan nan 1.000000000427357927e-01 1.000000001298918528e-01 1.416388833341230002e-01 2.185592119809668388e-01 1.852152855559631162e-01 2.846210108005301498e-01 4.296549605491567503e-01 3.929504472187111963e-01 4.501455972815305850e-01 4.812095082445791983e-01 3.879490143691323167e-01 4.721166332343117444e-01 7.190687446331248678e-01 1.109608076856548387e+00 1.722983434926940394e+00 2.700917497922419308e+00 4.291592375718068730e+00 2.672492047115458735e+00 1.764671746055859192e+00 1.742026571105274702e+00 1.536417816545924797e+00
nan nan nan nan 1.000000000222794894e-01 1.000000000020079272e-01 1.426443337633843678e-01 1.252294172424225360e-01 1.824782287272529446e-01 2.779080244824873036e-01 2.551004373892810095e-01 2.934025644854828530e-01 3.183830556900463238e-01 4.796271813086175895e-01 7.189711005555049494e-01 5.051967630780557217e-01 7.769433732965836947e-01 1.215608905099083259e+00 1.916301343252822420e+00 3.000489108365817614e+00 4.294346108079523106e+00 2.692608553468350596e+00 2.647704082284943361e+00 1.742339842002459616e+00
nan nan nan nan nan 1.000000000308530756e-01 1.000000000184270155e-01 1.000000013251677311e-01 1.422202985012145371e-01 2.167336394951641099e-01 3.379730221542424085e-01 4.513567233069418760e-01 4.049505954702053989e-01 5.421022134528815650e-01 4.710373814720046903e-01 7.049934306803121720e-01 5.819367393395823429e-01 9.060507757160051190e-01 1.425838058887482607e+00 2.258982784320588078e+00 3.530824672163276556e+00 4.310130175376981398e+00 4.108080757192645649e+00 2.676327522068075115e+00
nan nan nan nan nan nan 1.000000000012087886e-01 1.335571491149719625e-01 2.098544961040303969e-01 2.584854826621451052e-01 4.004433492456619392e-01 6.236255864324108389e-01 6.125348541977849726e-01 8.205052427185838271e-01 5.477923454487417798e-01 5.451890437610681373e-01 7.449513390772845023e-01 1.171661688931814549e+00 1.861976360392554319e+00 2.983052144860014021e+00 4.739610034243112224e+00 6.835138520762959580e+00 6.491127361293565379e+00 4.176835242604084009e+00
nan nan nan nan nan nan nan 1.032760802271438516e-01 1.612936807758987845e-01 2.544863075194284674e-01 3.113313056902554665e-01 4.920119832329262755e-01 4.030011756607921880e-01 5.298139881031939113e-01 4.040986439086312609e-01 6.114903392196081588e-01 5.546938506829156568e-01 8.595398523053269235e-01 1.346165329029413549e+00 2.152998547681379105e+00 3.464297607763331843e+00 5.567511314949443069e+00 8.867037729056256978e+00 6.630680369499573956e+00
nan nan nan nan nan nan nan nan 1.061168477165276292e-01 1.651395917273116298e-01 2.572972261432570074e-01 3.608605332083681949e-01 5.728934212960968830e-01 3.975370336031466278e-01 6.035828116071860761e-01 9.335520576419272798e-01 8.461828554110660816e-01 5.610735469568294276e-01 8.773331143137393928e-01 1.390482450981762153e+00 2.229405605996765072e+00 3.553698503064140812e+00 5.633445947149309241e+00 6.912649619186445271e+00
nan nan nan nan nan nan nan nan nan 2.323716366063585115e-01 3.628271125408720765e-01 5.714822419731256931e-01 3.635502852281783381e-01 5.727029995023608100e-01 5.301999345245752560e-01 8.347377474674709807e-01 5.765549775638846297e-01 4.544097180603142716e-01 5.729666898447228762e-01 8.953438748083010212e-01 1.420489539773727383e+00 2.259172116703605404e+00 3.557687888833291456e+00 4.374509154829365087e+00
nan nan nan nan nan nan nan nan nan nan 2.353868329000735615e-01 3.678039191598919677e-01 3.418711959294754577e-01 5.316222887805200914e-01 8.349387778787483727e-01 5.417700879619252730e-01 4.557472098271143635e-01 6.923388814453218520e-01 5.798723087837091006e-01 5.809062290724283928e-01 8.962541139977026061e-01 1.425598642823468154e+00 2.260550198854960779e+00 3.589358668183877388e+00
nan nan nan nan nan nan nan nan nan nan nan 2.472953416758528755e-01 3.861061838256701906e-01 6.005561020239754688e-01 9.483970088867711423e-01 6.066782045842952220e-01 4.852727589550048792e-01 7.443957358652427692e-01 9.012185963638353892e-01 7.029492529034365722e-01 1.106728614927944054e+00 1.759851436274963099e+00 2.805662174239863305e+00 4.478793465020209474e+00
nan nan nan nan nan nan nan nan nan nan nan nan 3.395114672927764810e-01 5.320186415750550735e-01 6.093738396798312751e-01 9.486056209262990757e-01 7.387078660244325023e-01 1.152745537853700153e+00 7.730119457428042962e-01 5.041085384810147785e-01 7.076895383694862263e-01 1.108308792238481111e+00 1.765039258039142744e+00 2.805672082316387428e+00
nan nan nan nan nan nan nan nan nan nan nan nan nan 3.513597188442646457e-01 5.481745005016761541e-01 6.065814369621996827e-01 5.207635523553607593e-01 7.735403606015099909e-01 5.194205458318753577e-01 7.360545087690802957e-01 4.759389507689099075e-01 7.054888241295950158e-01 1.108779438163463471e+00 1.765161902892881329e+00
nan nan nan nan nan nan nan nan nan nan nan nan nan nan 3.644584607228263939e-01 5.722271124289280975e-01 7.749166385715809957e-01 1.195911373283732093e+00 7.677450755727474041e-01 5.010065737976437950e-01 7.049455901846813921e-01 4.543740848125547016e-01 7.052438476966645942e-01 1.108796241620539913e+00
nan nan nan nan nan nan nan nan nan nan nan nan nan nan nan 3.662401004698853102e-01 5.729639080184739663e-01 7.733452978582328052e-01 6.159587002108076748e-01 3.989727407511677315e-01 4.753730756342559038e-01 4.068853109644120503e-01 6.134303781713076331e-01 7.029657023612992939e-01
nan nan nan nan nan nan nan nan nan nan nan nan nan nan nan nan 3.681986127910193973e-01 5.731409701060951045e-01 4.113629268939437145e-01 5.402559350715617770e-01 4.062178473666632206e-01 6.212106189211658025e-01 9.578444874250270358e-01 6.130711162442009643e-01
nan nan nan nan nan nan nan nan nan nan nan nan nan nan nan nan nan 3.695675121384273121e-01 5.750156471883284270e-01 8.286276063929670643e-01 6.214440077897290804e-01 9.580664949261891161e-01 1.489878189001724973e+00 9.578986758546926827e-01
nan nan nan nan nan nan nan nan nan nan nan nan nan nan nan nan nan nan 6.262217075647716902e-01 9.755104544248677234e-01 9.590501795306204391e-01 8.349090228589700624e-01 9.698692593444618870e-01 1.490757598636343495e+00
nan nan nan nan nan nan nan nan nan nan nan nan nan nan nan nan nan nan nan 6.194938697191977317e-01 9.754550889308531980e-01 1.303909394360668994e+00 9.223920150915748684e-01 9.688356609245755147e-01
nan nan nan nan nan nan nan nan nan nan nan nan nan nan nan nan nan nan nan nan 6.206440799448739165e-01 9.686676552115888184e-01 1.451309402845719188e+00 9.294331325417887202e-01
nan nan nan nan nan nan nan nan nan nan nan nan nan nan nan nan nan nan nan nan nan 6.306182123333100575e-01 9.288508579738149473e-01 1.451141718294227889e+00
nan nan nan nan nan nan nan nan nan nan nan nan nan nan nan nan nan nan nan nan nan nan 5.870366991852374872e-01 9.294603273110432218e-01
nan nan nan nan nan nan nan nan nan nan nan nan nan nan nan nan nan nan nan nan nan nan nan 5.748951746384644013e-01
