1.000000000000190736e-01 1.000000000000099698e-01 1.000000000000537126e-01 1.000000000000006439e-01 1.407109052086940038e-01 2.131423212973623249e-01 3.175036684614266358e-01 4.638462890972329111e-01 7.150560957992407873e-01 4.801570813033763097e-01 5.160609780843593564e-01 7.646455465734939283e-01 7.167163821948993041e-01 5.120275916762108137e-01 5.108264945561037385e-01 5.833562980158325528e-01 8.624139912344707115e-01 1.227546038647091109e+00 1.590187757315000283e+00 1.915373204723931355e+00 2.700430089465019723e+00 4.071637339310075099e+00 4.003133988122444364e+00 5.536589131316337564e+00
nan 1.000000000000048628e-01 1.000000000000075273e-01 1.000000000000441647e-01 1.481662328773846182e-01 2.304767681534233281e-01 3.084652664218184848e-01 2.992346811841256615e-01 4.584296758984202080e-01 7.182722608837687206e-01 7.679716691865187128e-01 7.201758421486105233e-01 1.061872661945199692e+00 7.197996508927418935e-01 4.839433743223023887e-01 4.407202418975161295e-01 6.624901493539815389e-01 9.700428175630634309e-01 1.406870080308500803e+00 2.022414606593610831e+00 2.896500522282912549e+00 4.103721135121602082e+00 5.178273603391682300e+00 3.774342577644441921e+00
nan nan 1.000000000000050848e-01 1.000000000000097478e-01 1.046554177521087370e-01 1.632156920577568782e-01 2.535738648967734710e-01 1.895808982758485639e-01 2.907648715422340713e-01 4.534626644533802375e-01 4.954692258033542851e-01 4.714599973562790813e-01 7.165640620941328143e-01 4.784022157724395763e-01 3.404874879632103779e-01 5.119695493422483645e-01 7.853538169924062506e-01 1.206759121032066062e+00 1.858397537748182060e+00 2.859049664161066318e+00 4.357490870666518745e+00 5.806138590865031368e+00 5.932884577352655064e+00 5.660551637830764982e+00
nan nan nan 1.000000000000119682e-01 1.000000000000086375e-01 1.143842669624565156e-01 1.770490384476298695e-01 1.256594689427462663e-01 1.884653264695835828e-01 2.963823073425232435e-01 3.246323142170673970e-01 3.108986202269273802e-01 4.756277028620311542e-01 3.270424695620196553e-01 4.898150263645782987e-01 7.494006030369729787e-01 1.164723926067483983e+00 1.817345254796152609e+00 2.843225534359326900e+00 4.386535483773214672e+00 6.566841043433719882e+00 7.409810239953806388e+00 8.842227535501079316e+00 5.923457953234835038e+00
nan nan nan nan 1.000000000000090816e-01 1.000000000000150768e-01 1.164321328698135760e-01 1.783506252559093896e-01 1.237610434510051372e-01 1.920469310524061113e-01 2.154018852649427496e-01 2.036000436246824252e-01 3.118163690094052365e-01 4.768663441260984071e-01 7.229445322950832642e-01 5.793790732746594285e-01 9.002876778805483093e-01 1.419582035342525916e+00 2.252641426304530459e+00 3.568204933381573962e+00 5.620109597063035700e+00 8.865316351068644352e+00 1.364997098605710768e+01 8.965237433176888260e+00
nan nan nan nan nan 1.000000000000124123e-01 1.000000000084869667e-01 1.455864239082246270e-01 1.037098511697432945e-01 1.316583802392451430e-01 2.042799045940403291e-01 3.108171245986331988e-01 2.596069548397129667e-01 3.184750073799532677e-01 4.747703837444828823e-01 4.664502708619929772e-01 7.075224139808476975e-01 1.112390649282729793e+00 1.765410256364144725e+00 2.820813303952084627e+00 4.499296995963777412e+00 7.179385578786963151e+00 1.133949850300778195e+01 1.410904614695493642e+01
nan nan nan nan nan nan 1.000000000000057510e-01 1.000000000216897389e-01 1.556109968315856351e-01 1.275299877953975924e-01 1.716024589785402066e-01 2.645121407333314023e-01 3.900765554288029291e-01 4.336173404657782671e-01 4.939079012432020521e-01 7.072826899609007123e-01 9.765921474724174045e-01 1.550052682995477937e+00 2.482490350858435946e+00 4.002379752366457488e+00 6.440768610251677018e+00 1.033276871285594112e+01 1.655016026250513050e+01 2.247886287490868185e+01
nan nan nan nan nan nan nan 1.000000000000061950e-01 1.247262890448669337e-01 1.955217734223252402e-01 1.527605151323884192e-01 2.389718345481096629e-01 3.569780302199020428e-01 2.824171116819597094e-01 4.361653842756446631e-01 6.722473150258106989e-01 7.700342178684572714e-01 1.207441422807145059e+00 1.924153802825799175e+00 3.103902475722957188e+00 5.023865958576179125e+00 8.128594589284354299e+00 1.311248796843913134e+01 2.110841110063821091e+01
nan nan nan nan nan nan nan nan 1.000000000022521762e-01 1.537339583496412088e-01 2.390543754784225650e-01 2.461296422016240326e-01 3.888123909094510777e-01 4.353069957012388747e-01 6.682030909089652360e-01 1.037466593312210694e+00 1.171272860020879492e+00 7.930218840547723635e-01 1.255428966386553213e+00 2.008703836233352025e+00 3.239144954656637321e+00 5.221107430350892642e+00 8.381355053209436079e+00 1.335538207094123742e+01
nan nan nan nan nan nan nan nan nan 1.572731690642678037e-01 2.466222505654699360e-01 3.890899577402119336e-01 2.691453834027143222e-01 4.216216362931451966e-01 6.053710336342444931e-01 9.547890161539928089e-01 8.046823125876706451e-01 5.233561981418352049e-01 8.090811522725825933e-01 1.285034799683927975e+00 2.048378267880878845e+00 3.288667329755200708e+00 5.247180007014669023e+00 8.386093274431258848e+00
nan nan nan nan nan nan nan nan nan nan 1.610286163243358493e-01 2.514541719866437708e-01 3.920175817656629258e-01 6.135780839559002997e-01 9.613009762088736698e-01 6.200274154288628603e-01 5.348050033481107635e-01 8.068246763651790721e-01 5.181281189995859959e-01 8.103654497243154564e-01 1.287044150196515968e+00 2.055461065570004742e+00 3.294970235927940916e+00 5.255911341015134575e+00
nan nan nan nan nan nan nan nan nan nan nan 2.184933183190994610e-01 3.421097918014647243e-01 5.334429598686188934e-01 8.396402012073803656e-01 5.519231961221590099e-01 3.963434643834221616e-01 6.052732042273357704e-01 8.110081229991369378e-01 6.999008709946404894e-01 1.109911940712786205e+00 1.770270806360372706e+00 2.838104670079658831e+00 4.505855593493513389e+00
nan nan nan nan nan nan nan nan nan nan nan nan 2.545076288547284404e-01 3.984673035459044277e-01 5.614474450294747454e-01 8.621487071007879477e-01 5.985881487185461536e-01 9.317040972834161883e-01 7.057611081540554610e-01 4.565197167687052859e-01 7.053194779074675180e-01 1.108182752200615795e+00 1.773592978931309627e+00 2.838471966886709108e+00
nan nan nan nan nan nan nan nan nan nan nan nan nan 2.893579978831714028e-01 4.516732426849799920e-01 5.543331485584043206e-01 8.622675130246154618e-01 7.119260761558564576e-01 8.659662288664559116e-01 7.028144112526352183e-01 4.503150695187506658e-01 6.991002057496918942e-01 1.108200380820317132e+00 1.774372250737924706e+00
nan nan nan nan nan nan nan nan nan nan nan nan nan nan 3.013193607182388378e-01 4.723297306008414909e-01 7.190526062559664533e-01 1.103276428172603740e+00 7.063708784178343025e-01 4.614047133079034468e-01 7.005635613599964229e-01 4.491920766258717945e-01 7.025038236069177655e-01 1.111327260972373665e+00
nan nan nan nan nan nan nan nan nan nan nan nan nan nan nan 3.029717986278287478e-01 4.733935723778538440e-01 7.182707222573071482e-01 6.089537502977914185e-01 3.910641646746190192e-01 5.523765128979668537e-01 3.626679722707947251e-01 5.288345329464768652e-01 7.034465393792371790e-01
nan nan nan nan nan nan nan nan nan nan nan nan nan nan nan nan 3.050583668601726250e-01 4.744075032453826113e-01 7.191322541614287855e-01 6.099590825610562428e-01 4.312850243100806447e-01 5.518491917646916045e-01 8.248027705995198966e-01 5.289106055957023544e-01
nan nan nan nan nan nan nan nan nan nan nan nan nan nan nan nan nan 3.975078146753513453e-01 6.216341504899517423e-01 9.494372058267815939e-01 6.623668498084621659e-01 8.370828947462841674e-01 1.293461557775457127e+00 8.253002035533473224e-01
nan nan nan nan nan nan nan nan nan nan nan nan nan nan nan nan nan nan 6.150169828703179187e-01 9.598271583520406880e-01 1.028464688793906401e+00 9.232308578255689069e-01 8.477752947463773614e-01 1.295070573526215352e+00
nan nan nan nan nan nan nan nan nan nan nan nan nan nan nan nan nan nan nan 6.089985547868531635e-01 9.595181226551493525e-01 1.443447364469637950e+00 9.176494448622601885e-01 8.459660530742664220e-01
nan nan nan nan nan nan nan nan nan nan nan nan nan nan nan nan nan nan nan nan 6.103224959485765710e-01 9.590276655451793753e-01 1.444431556405650241e+00 9.244083453386039428e-01
nan nan nan nan nan nan nan nan nan nan nan nan nan nan nan nan nan nan nan nan nan 6.219833705168141824e-01 9.153011724129146431e-01 1.440832374619716472e+00
nan nan nan nan nan nan nan nan nan nan nan nan nan nan nan nan nan nan nan nan nan nan 5.777245073459812419e-01 9.168687824309013079e-01
nan nan nan nan nan nan nan nan nan nan nan nan nan nan nan nan nan nan nan nan nan nan nan 5.656553334005037792e-01
