1.000000000000055289e-01 1.000000000000064171e-01 1.000000000000044187e-01 1.000000000000830225e-01 1.224465094134664644e-01 1.847612172436178257e-01 2.718709721434694471e-01 3.788139152470640925e-01 5.754062284990347775e-01 7.589687154247762857e-01 5.122870640531894670e-01 6.627233272013609566e-01 7.086002214575720659e-01 6.201177731152448525e-01 5.393651026500391188e-01 7.096019952807682829e-01 8.207036437040408083e-01 1.235319339976344910e+00 1.761771972757634419e+00 2.553409763467888283e+00 3.374814419443949998e+00 4.655073399620367702e+00 5.595899308276068851e+00 5.466251657330723823e+00
nan 1.000000000000141887e-01 1.000000000000035305e-01 1.000000000002091438e-01 1.540514457852512065e-01 2.407827137330981193e-01 3.614295069182392739e-01 2.417363820763257509e-01 3.791722916052989723e-01 5.789791592944167897e-01 7.653219985612983445e-01 7.057754462924429317e-01 1.041716502289263158e+00 7.006833730184215403e-01 4.670405140386099108e-01 6.393605071208144919e-01 6.356974132385909693e-01 9.434013106708517560e-01 1.411957463607041330e+00 2.117439649406139157e+00 2.923281494730490149e+00 3.985800786436481946e+00 5.882844346140881697e+00 7.493163209643649125e+00
nan nan 1.000000000000113021e-01 1.000000000000033085e-01 1.019537222883696304e-01 1.581042186000173322e-01 2.437947366846403563e-01 1.556977615822293659e-01 2.437489847122186193e-01 3.792519262256169865e-01 4.942245331300118005e-01 4.622867332323891132e-01 7.019149854742884331e-01 4.659165265573951276e-01 3.179224148923426307e-01 4.774827929083808042e-01 7.311617748402460260e-01 1.120920408782076994e+00 1.721284623638984268e+00 2.638924997924992244e+00 4.035409838958283757e+00 5.895287970123970211e+00 8.380214909174986460e+00 9.176220929561351269e+00
nan nan nan 1.000000000000095257e-01 1.000000000000066391e-01 1.156531589400476845e-01 1.779429745241013494e-01 1.175612334113586011e-01 1.564742583443236024e-01 2.451753202394809650e-01 3.250323159447158217e-01 3.040615152044353620e-01 4.660370507830479125e-01 3.142264003082210211e-01 4.640933526401221920e-01 7.036568336357943432e-01 1.086208249413557869e+00 1.685246206641172861e+00 2.623751107866158616e+00 4.037229871689283378e+00 5.998169151277057409e+00 8.716826488263079042e+00 1.096656811778168716e+01 1.158772940213556701e+01
nan nan nan nan 1.000000000000061950e-01 1.000000000000152989e-01 1.171932654371624638e-01 1.636254594300218246e-01 1.051473978045421864e-01 1.627842935382238787e-01 2.171499084056479623e-01 1.987990030879079884e-01 3.052075811424609375e-01 4.672791798789747153e-01 7.060914462874826603e-01 6.701716886465570733e-01 1.042960066093239213e+00 1.648826870532617672e+00 2.624497272805158765e+00 4.173218065211539596e+00 6.613495294066301433e+00 1.050640359465162454e+01 1.649589577762516157e+01 1.479645570158152168e+01
nan nan nan nan nan 1.000000000000073053e-01 1.000000000002917444e-01 1.509556842517422171e-01 1.051188300768334249e-01 1.282748525240290371e-01 1.992720271109970076e-01 3.034492541504273388e-01 2.506600322116031565e-01 3.179231048679230787e-01 4.666174509427364336e-01 5.483430829885630464e-01 8.380477521006254316e-01 1.324324151464943977e+00 2.110771209399899373e+00 3.385259746330145258e+00 5.424398973167038562e+00 8.707329829168871882e+00 1.391647483878035807e+01 2.211260000664039183e+01
nan nan nan nan nan nan 1.000000000000035305e-01 1.000000000011326273e-01 1.560839445097209621e-01 1.326358286903669415e-01 1.657593607653152779e-01 2.553961264522642827e-01 3.750673858433942742e-01 4.715176197776013156e-01 7.032284271149970012e-01 8.386157349873378797e-01 1.191142039583809265e+00 1.893862438370512269e+00 3.043819328471712549e+00 4.926716499049753395e+00 7.963067493108665573e+00 1.285599882009962869e+01 2.079631125400977609e+01 3.345747385543087660e+01
nan nan nan nan nan nan nan 1.000000000000046407e-01 1.299136625128282096e-01 2.040306677418780579e-01 1.542206693791238203e-01 2.420797111058353712e-01 3.733924763742700881e-01 3.049532550566457223e-01 4.719561116980924842e-01 7.294872091802330205e-01 9.358709677223210344e-01 1.467004083942045067e+00 2.338586323164715708e+00 3.777952879484326676e+00 6.106528436756828881e+00 9.836535936422162507e+00 1.573896505593273609e+01 2.520518221380112678e+01
nan nan nan nan nan nan nan nan 1.000000000001693978e-01 1.548921641873469701e-01 2.417306500350914211e-01 2.593746068365664348e-01 4.101981060681368918e-01 4.707846482010328293e-01 7.248495426738702507e-01 1.126442848742148062e+00 1.443706029824191273e+00 9.375396617768275709e-01 1.481811346032348986e+00 2.371486433356370327e+00 3.825044838828829175e+00 6.117493329275416336e+00 9.837342230564178891e+00 1.579106838292251958e+01
nan nan nan nan nan nan nan nan nan 1.651509476771492180e-01 2.582910049371242023e-01 4.080816919964561640e-01 2.998872770290127443e-01 4.709987579820084092e-01 6.874385255433660413e-01 1.088744927467399926e+00 9.460039269539951556e-01 6.127656989089255157e-01 9.500433416535419839e-01 1.501024716350907617e+00 2.412571382778718743e+00 3.871038038745188370e+00 6.139047560715336083e+00 9.873701661439659105e+00
nan nan nan nan nan nan nan nan nan nan 1.830433246406927283e-01 2.863058236125081146e-01 4.467647434135310069e-01 6.988970866613396504e-01 1.089378569403554042e+00 7.033958226268600677e-01 6.210964765335079685e-01 9.518029367379466921e-01 6.060718419223242170e-01 9.513798989477727508e-01 1.501877136536681423e+00 2.418199618089757585e+00 3.901207151773708137e+00 6.138859972901618001e+00
nan nan nan nan nan nan nan nan nan nan nan 2.445166076216073181e-01 3.829338483787337877e-01 5.960950726594215210e-01 9.380370076236755894e-01 6.006589575256956470e-01 4.063682180928011034e-01 6.209161166437467960e-01 9.525147020446101953e-01 6.737311629580396977e-01 1.065020011746421691e+00 1.701652001910937795e+00 2.730959910909255495e+00 4.317747214263706113e+00
nan nan nan nan nan nan nan nan nan nan nan nan 2.580239482299547804e-01 4.041846521894890687e-01 6.096637732454807113e-01 9.393813208298616990e-01 6.066147664309727849e-01 9.477089034196600759e-01 7.065730802505786334e-01 4.567755979060429405e-01 6.748413754144088061e-01 1.066016816609986151e+00 1.704292536065723951e+00 2.730976195761477321e+00
nan nan nan nan nan nan nan nan nan nan nan nan nan 2.980226221643972329e-01 4.656391048355706941e-01 6.049405030641957781e-01 9.399474091208400717e-01 7.049729018360243460e-01 1.019331213550199067e+00 6.754657204493242917e-01 4.328101807964791492e-01 6.741706032830449002e-01 1.066407347342334333e+00 1.706189815358536421e+00
nan nan nan nan nan nan nan nan nan nan nan nan nan nan 3.030251275666328015e-01 4.754385803592259263e-01 7.171702881017599784e-01 1.094183339713318492e+00 7.003120386632489813e-01 4.590686037221544114e-01 6.745880291384628302e-01 4.315055658390768434e-01 6.745046749833029098e-01 1.066631182247147258e+00
nan nan nan nan nan nan nan nan nan nan nan nan nan nan nan 3.047106885403335630e-01 4.766844320551389957e-01 7.145483939893061409e-01 6.343035077861752802e-01 4.186138452560609347e-01 4.851459928794027432e-01 3.181405713467458929e-01 4.580751389667950813e-01 6.758302670839074766e-01
nan nan nan nan nan nan nan nan nan nan nan nan nan nan nan nan 3.064444318294060610e-01 4.769277956974998789e-01 7.179149876891318671e-01 6.555017503870018691e-01 4.895458151195325458e-01 4.848103679020808743e-01 7.158403178845399450e-01 4.584559085076703733e-01
nan nan nan nan nan nan nan nan nan nan nan nan nan nan nan nan nan 4.345860052677762431e-01 6.804282461185239272e-01 1.024051112347922121e+00 7.525302629289422063e-01 7.268801336479392416e-01 1.118258035057465793e+00 7.164227865762790026e-01
nan nan nan nan nan nan nan nan nan nan nan nan nan nan nan nan nan nan 6.235631550483603514e-01 9.727284164470287875e-01 1.172157775645874089e+00 9.262133740348351685e-01 7.353531461426886517e-01 1.120182759710779408e+00
nan nan nan nan nan nan nan nan nan nan nan nan nan nan nan nan nan nan nan 6.172363638114050088e-01 9.727208189827200036e-01 1.449240278190955244e+00 9.211634907962157337e-01 7.335805591422096539e-01
nan nan nan nan nan nan nan nan nan nan nan nan nan nan nan nan nan nan nan nan 6.186070772349324676e-01 9.721328409059381004e-01 1.450147671199583765e+00 9.276500715977135103e-01
nan nan nan nan nan nan nan nan nan nan nan nan nan nan nan nan nan nan nan nan nan 6.313096194076718293e-01 9.249673286125267291e-01 1.449743205418286607e+00
nan nan nan nan nan nan nan nan nan nan nan nan nan nan nan nan nan nan nan nan nan nan 5.837547908194121726e-01 9.248750950064742460e-01
nan nan nan nan nan nan nan nan nan nan nan nan nan nan nan nan nan nan nan nan nan nan nan 5.716545640685476437e-01
