1.000000000000001998e-01 9.999999999999997780e-02 1.000000001012696371e-01 1.305773150027754737e-01 1.984127869244612929e-01 3.021326738778863374e-01 3.770313703535822514e-01 5.659107260561538899e-01 8.715954721039190778e-01 6.088920129723737196e-01 5.687708381106654221e-01 8.346955457073880202e-01 8.586702605229884488e-01 5.956007825433232705e-01 7.128845290428186265e-01 1.147377077119589472e+00 8.532015937940341521e-01 1.238653079567502591e+00 1.437208494102953704e+00 1.872236810725917078e+00 2.461530002187800825e+00 2.234440119205563846e+00 2.287681698064774949e+00 1.878510847598442002e+00
nan 9.999999999999997780e-02 9.999999999999997780e-02 1.000002234610554153e-01 1.518939556518784650e-01 2.364173588020003214e-01 2.486404998162224933e-01 3.569444722480931143e-01 5.658394443480957436e-01 8.716173824614842358e-01 8.470502229582935749e-01 8.071427916068055763e-01 1.124940992939627904e+00 7.554001309097991834e-01 5.835906018201258982e-01 8.740196066577626821e-01 6.304034439197200301e-01 9.188771739399029803e-01 1.365540834102946022e+00 1.999862855076668833e+00 2.265185889616187609e+00 2.711198874145549276e+00 2.490098458411053706e+00 1.730311144088222175e+00
nan nan 9.999999999999997780e-02 9.999999999999997780e-02 1.083241025547417857e-01 1.685604220258026809e-01 2.609433106505490985e-01 2.280121183977980026e-01 3.556493948008988548e-01 5.626811231178437955e-01 5.450931017911447851e-01 5.298878793382818531e-01 7.556416830348874347e-01 4.994012879102310842e-01 3.896716440755337851e-01 5.747714890948204536e-01 8.750872473453316092e-01 1.296277845863627043e+00 1.949906844753543478e+00 2.919560409740808993e+00 3.022872149398926123e+00 3.872063995861079189e+00 2.650019005483175594e+00 2.647601853308764408e+00
nan nan nan 9.999999999999997780e-02 9.999999999999997780e-02 1.122323402638044643e-01 1.736060452964959255e-01 1.499640844307369436e-01 2.291801833833099211e-01 3.632750175490914168e-01 3.536933407935013429e-01 3.459956827247391287e-01 5.299344395499544502e-01 3.529369238063132519e-01 4.887459031892157357e-01 7.456933312707966222e-01 1.157720597275503138e+00 1.806607594785501814e+00 2.830488335947834333e+00 4.386362572318232012e+00 4.514995249066760863e+00 3.203156599260055248e+00 3.136907431324478690e+00 2.680447225256421540e+00
nan nan nan nan 9.999999999999997780e-02 1.000000000000001998e-01 1.133769473440781050e-01 1.736198583511791016e-01 1.485741105015255803e-01 2.308461155217566008e-01 2.314768198222704187e-01 2.281650010873174095e-01 3.509870296990938998e-01 5.280306978760341829e-01 7.348590010731422817e-01 5.312211465520814135e-01 8.213385701890300039e-01 1.290307801077716032e+00 2.040256701940058814e+00 3.206834371324624566e+00 4.932046497443805855e+00 4.971130719070234072e+00 4.802327595684333872e+00 3.137805291781063932e+00
nan nan nan nan nan 9.999999999999997780e-02 1.000000000000001998e-01 1.163764004624033843e-01 1.021886393662764236e-01 1.511204272069107679e-01 2.340378462503601709e-01 3.513181152005270258e-01 3.107874948520811254e-01 3.601172578789649803e-01 4.802025930445249502e-01 4.026169686326380726e-01 6.100981840511795484e-01 9.558312380687424836e-01 1.513577811680532292e+00 2.412464131741268059e+00 3.830323011396223887e+00 6.068639592282665696e+00 7.505153348492072496e+00 4.853533567989861019e+00
nan nan nan nan nan nan 9.999999999999997780e-02 1.000000000168607128e-01 1.547383338248559115e-01 1.554934137306541730e-01 2.378768515468924205e-01 3.690974660731410895e-01 4.662565606066370050e-01 5.404437680673775946e-01 3.852386180497507917e-01 5.663867320619472290e-01 8.209069061308124082e-01 1.295966062886397374e+00 2.068190609393470769e+00 3.325591493128265963e+00 5.322041526083698848e+00 8.435205340884420977e+00 1.192925488027149505e+01 7.628216214697362219e+00
nan nan nan nan nan nan nan 9.999999999999997780e-02 1.377973536305304725e-01 2.168140383808604410e-01 2.029902016868466719e-01 3.183914632506769093e-01 3.136721359644235596e-01 3.516447186804948499e-01 4.070899865756595348e-01 6.136042890552063644e-01 6.304110156813750310e-01 9.834790517117996123e-01 1.554089084107594054e+00 2.500850943421002448e+00 4.036802256932826793e+00 6.505999668003329184e+00 1.041484698324597957e+01 1.217660038892395846e+01
nan nan nan nan nan nan nan nan 9.999999999999997780e-02 1.510997624397539818e-01 2.355991706557211129e-01 2.896790896929447579e-01 4.586054048303308539e-01 3.986112693154039155e-01 6.015776644003322238e-01 9.319568175492233264e-01 9.867967081716656486e-01 6.441061896647662932e-01 1.012902931964521969e+00 1.615876718846010363e+00 2.607560507030453500e+00 4.208671954202488408e+00 6.770308134353166807e+00 1.087352897203555102e+01
nan nan nan nan nan nan nan nan nan 1.856133010473896006e-01 2.905092174817586193e-01 4.564113772984844664e-01 2.934248455625371177e-01 4.605231978364506817e-01 5.378963454235982100e-01 8.467982667451497969e-01 6.832478563640439484e-01 4.473869072903545741e-01 6.689110936945387165e-01 1.055514800761818250e+00 1.678183644470759184e+00 2.704840445388937642e+00 4.322871821254524960e+00 6.890418739744212040e+00
nan nan nan nan nan nan nan nan nan nan 1.881214342526661421e-01 2.942302401491531105e-01 3.574733735979817029e-01 5.486201461931518031e-01 8.475105339175675878e-01 5.510834905237301795e-01 4.527614314903029014e-01 6.855046021278238255e-01 4.588372190747264101e-01 6.777384083966037087e-01 1.056322857571079687e+00 1.691375085281229929e+00 2.711153178577514034e+00 4.329670884339408943e+00
nan nan nan nan nan nan nan nan nan nan nan 2.194341305563382027e-01 3.426537326470983080e-01 5.328659489427748364e-01 8.371778209053643005e-01 5.467373971070889072e-01 4.389799939689730257e-01 6.707971327656013782e-01 7.099787751217395693e-01 7.052763704059529237e-01 1.114006680464529442e+00 1.780305122953486308e+00 2.853191326563694119e+00 4.541275835672178296e+00
nan nan nan nan nan nan nan nan nan nan nan nan 2.955927522240185956e-01 4.627927815196474226e-01 5.537203576457011556e-01 8.518552318846587257e-01 6.647450858046005662e-01 1.034797962868087673e+00 7.103641666951948652e-01 4.643280557784444929e-01 7.070478299640400310e-01 1.114098696945250211e+00 1.781749986098445593e+00 2.853174354588587480e+00
nan nan nan nan nan nan nan nan nan nan nan nan nan 3.158477025372407043e-01 4.928474045100491585e-01 5.484958234351561268e-01 8.523787868229034670e-01 7.221462307828671046e-01 5.285474751277706718e-01 7.074293838553457059e-01 4.543746382268781803e-01 7.067539298425472571e-01 1.114931156884232610e+00 1.781958987851556486e+00
nan nan nan nan nan nan nan nan nan nan nan nan nan nan 3.273648513091876877e-01 5.109927718230008464e-01 7.358603004394522751e-01 1.118672587143049402e+00 7.158293153605791437e-01 4.674229826183570191e-01 7.061621175109117354e-01 4.534467348287335442e-01 7.071164362693175276e-01 1.115016156243093359e+00
nan nan nan nan nan nan nan nan nan nan nan nan nan nan nan 3.295515729943400141e-01 5.141766537462694187e-01 7.282497057417444131e-01 5.648159047010486988e-01 3.622559382170597031e-01 5.023530498039449066e-01 3.917918389278293168e-01 5.865753950590429922e-01 7.057452542800407569e-01
nan nan nan nan nan nan nan nan nan nan nan nan nan nan nan nan 3.304270370367382581e-01 5.161245954217644760e-01 3.993612053846798959e-01 5.696487623953386814e-01 4.016768870657193569e-01 5.992418398503468469e-01 9.184391221976492270e-01 5.865204778687488352e-01
nan nan nan nan nan nan nan nan nan nan nan nan nan nan nan nan nan 3.618177428272618679e-01 5.650842281024103242e-01 8.654134918640364882e-01 6.151869742411005815e-01 9.213425633480770705e-01 1.431326969872875665e+00 9.187201682737365926e-01
nan nan nan nan nan nan nan nan nan nan nan nan nan nan nan nan nan nan 6.181110497741427734e-01 9.647483470076300138e-01 9.517000862039212139e-01 9.019007198193077501e-01 9.348170249551229771e-01 1.433238129362977453e+00
nan nan nan nan nan nan nan nan nan nan nan nan nan nan nan nan nan nan nan 6.120438981573196324e-01 9.647840562564565792e-01 1.412027437326746515e+00 9.127284194427699449e-01 9.330118625281699218e-01
nan nan nan nan nan nan nan nan nan nan nan nan nan nan nan nan nan nan nan nan 6.131853091627866847e-01 9.632531466669130849e-01 1.435679508768020529e+00 9.197305806350323243e-01
nan nan nan nan nan nan nan nan nan nan nan nan nan nan nan nan nan nan nan nan nan 6.242687679405848344e-01 9.153707022402030047e-01 1.435078000561772704e+00
nan nan nan nan nan nan nan nan nan nan nan nan nan nan nan nan nan nan nan nan nan nan 5.775797382280579706e-01 9.153589486869720959e-01
nan nan nan nan nan nan nan nan nan nan nan nan nan nan nan nan nan nan nan nan nan nan nan 5.655536194048830234e-01
