3.099803158289030636e-01 3.314135844210152060e-01 3.596994807361074686e-01 4.011872633310987757e-01 5.951109610289809781e-01 9.227760549541824675e-01 1.392072666663270120e+00 1.002023343182200321e+00 1.561202774103529478e+00 1.008495372418655389e+00 1.302243310746142413e+00 2.054867140397167447e+00 1.481032161263124980e+00 1.001681303053199024e+00 9.932245275092951298e-01 1.054188640585749237e+00 9.844684747553663628e-01 9.867593847195793577e-01 9.697591446312826546e-01 9.901758593078627824e-01 9.745524503048251796e-01 9.645080640838598063e-01 9.990417458823147578e-01 9.594087904380584897e-01
nan 3.784607572692594291e-01 3.877573244860706980e-01 3.729006251518126591e-01 5.040581736318202610e-01 5.968499921663942276e-01 8.865103904697509973e-01 6.348573867110053337e-01 1.006164168367784217e+00 1.569603802577621554e+00 1.016649888049302231e+00 1.512292157107707702e+00 1.007164489650880235e+00 1.470054728842374647e+00 9.874655955263608176e-01 1.212160930705512119e+00 9.864740436931630496e-01 9.879842071706795847e-01 1.007879624177680622e+00 9.888217164382792079e-01 9.849453321621942647e-01 9.731211426527307529e-01 9.691419802556638929e-01 9.930410022636265710e-01
nan nan 3.740092436572873824e-01 4.166694959518647545e-01 4.638593461612315894e-01 5.323165730024238540e-01 7.611064382289013386e-01 5.175196844920951778e-01 6.414550334953400546e-01 9.965447060792796963e-01 8.161211725453253463e-01 9.854667847702317518e-01 6.743634353612145693e-01 9.740680564365441496e-01 6.719744231165759585e-01 8.709353438756634036e-01 1.426548425300951717e+00 1.008124708802237368e+00 1.510446582439541441e+00 1.008601075601963881e+00 9.879841707584650079e-01 9.854377942155659875e-01 9.817427581028049799e-01 9.781863508586136069e-01
nan nan nan 3.649100089036155792e-01 3.679206382861507363e-01 5.154264224209533785e-01 5.516877307277897602e-01 4.699210610208751637e-01 5.998034204977892303e-01 1.002928998258410864e+00 6.918326682979528686e-01 8.807732205934283298e-01 9.707209516146423356e-01 6.391435886424902124e-01 7.050626407550736330e-01 7.160119262407683705e-01 1.007681098630968997e+00 1.553495917417634598e+00 1.014783038116715108e+00 1.568733451199908924e+00 1.009541027124532420e+00 9.922249100469001659e-01 1.007526302034174481e+00 9.880830553743290556e-01
nan nan nan nan 3.492478177490719871e-01 3.638009188731993193e-01 4.654380771501790415e-01 5.944436200152259930e-01 9.900789480092354600e-01 1.555195436650383289e+00 9.873366633359773603e-01 8.613445831355767135e-01 8.072589241725453002e-01 6.651488213277129136e-01 1.068731080334310413e+00 9.951780768044707903e-01 6.355133422299826806e-01 1.008646152997886514e+00 1.585883330086931053e+00 1.017419055767446956e+00 1.568204101481553980e+00 1.012186181226396808e+00 1.520293108764613432e+00 1.007796594987575567e+00
nan nan nan nan nan 3.591204673094335886e-01 3.714566484675766445e-01 4.279793239208372624e-01 6.096566600288509941e-01 9.904003203900794139e-01 8.865394331256398752e-01 1.015109571573341363e+00 1.157191952027665227e+00 9.966609291043381225e-01 9.916901162268102476e-01 1.537145842658690142e+00 9.963564606490263875e-01 1.542523137479469675e+00 1.015435517066852089e+00 1.597028093609472066e+00 1.016960429617320472e+00 1.564588695486776260e+00 1.011689713233956400e+00 1.536804659863749922e+00
nan nan nan nan nan nan 3.703753786946880622e-01 4.026520865748332012e-01 6.062427350372551205e-01 6.427630477273521548e-01 1.004245787832645398e+00 1.587025379142209758e+00 1.019540190076548392e+00 1.543843279999737472e+00 9.986920554612713774e-01 9.949687289554666192e-01 6.370433777947758225e-01 1.004845815417478860e+00 1.558463301187146488e+00 1.027323868958596176e+00 1.603075927442314086e+00 1.020377843338446944e+00 1.564897194369336386e+00 1.012398994344571257e+00
nan nan nan nan nan nan nan 3.767355172934584440e-01 5.241831798750852256e-01 8.580995521440378804e-01 6.218125568481115417e-01 1.016393660813750266e+00 7.310464443092016262e-01 9.928379377679995565e-01 8.708356309441928067e-01 8.117553266486786656e-01 9.220581677511053842e-01 1.415274064901215656e+00 1.005940971589036614e+00 1.581942379042016622e+00 1.047480535810467739e+00 1.614642853980891690e+00 1.022077090272158095e+00 1.583830191032059354e+00
nan nan nan nan nan nan nan nan 3.642299527141049653e-01 5.415596715676017636e-01 8.825035167858540364e-01 6.753978234085852295e-01 9.993010412014348143e-01 9.257201259009687488e-01 1.303151465745904236e+00 1.245698067842563095e+00 8.544007332643751562e-01 9.218700691480702369e-01 1.423133839709497028e+00 1.028533498983995376e+00 1.618586459447576509e+00 1.042991952184649573e+00 1.694872598862650737e+00 1.002989764209208712e+00
nan nan nan nan nan nan nan nan nan 4.221762989244178810e-01 6.546195499133505846e-01 1.042789215073363085e+00 6.685259208403587783e-01 8.903294384414294216e-01 8.864037372531713421e-01 1.391165875800854046e+00 9.107037316577136776e-01 7.271527850748763511e-01 1.002823321968460135e+00 1.545072092701051059e+00 1.041580784277917449e+00 1.627394795101895220e+00 1.028432748733835389e+00 1.503784138693541106e+00
nan nan nan nan nan nan nan nan nan nan 4.149451000755391972e-01 6.576211088419395834e-01 6.440679092462145983e-01 8.913213985369644599e-01 1.012072200611025874e+00 1.039155714835392263e+00 8.131509470197054723e-01 1.120074941371138610e+00 7.895029711699391717e-01 1.026158118644423745e+00 6.836304719501623550e-01 1.036722087964021100e+00 1.607885680265355610e+00 1.022953670254958425e+00
nan nan nan nan nan nan nan nan nan nan nan 4.094429050358453503e-01 6.081216446389255958e-01 1.002576390995658873e+00 1.574241655008824736e+00 9.973941832609273250e-01 1.097110317583779526e+00 1.050966558410656226e+00 1.215071174615281357e+00 7.837793978984494148e-01 1.011373639778978539e+00 1.593375275556424775e+00 1.043416843437219743e+00 1.606913528602870400e+00
nan nan nan nan nan nan nan nan nan nan nan nan 3.932240374514778258e-01 5.965793666161439690e-01 1.006173495201582835e+00 1.574040134908575528e+00 1.028229738015284944e+00 1.618315784126327372e+00 1.084180419718148158e+00 7.902994551489709307e-01 9.176926192711994945e-01 1.013066289508665285e+00 1.607973518578216243e+00 1.042892998981938657e+00
nan nan nan nan nan nan nan nan nan nan nan nan nan 3.991653335362458366e-01 6.217888235000562647e-01 1.025789575606647741e+00 1.566720979916853551e+00 1.044552623980841588e+00 1.166639134022048108e+00 1.076803058909612698e+00 7.670163687294765387e-01 8.352961671758188933e-01 1.020087202098948431e+00 1.616743534912274960e+00
nan nan nan nan nan nan nan nan nan nan nan nan nan nan 3.978108245034036594e-01 6.362614055622787257e-01 1.063440683496352790e+00 1.612493091058643913e+00 1.022429946814165991e+00 7.792053662627561605e-01 1.188861662458247537e+00 7.714347518080705290e-01 8.201308268376460431e-01 1.025642694567250324e+00
nan nan nan nan nan nan nan nan nan nan nan nan nan nan nan 4.090618329776632978e-01 6.756821797024467058e-01 1.023039130102800787e+00 1.556771577389032490e+00 9.961259118822077818e-01 9.536691608138537779e-01 6.616645832789936899e-01 7.005105302162123460e-01 6.588611505530160839e-01
nan nan nan nan nan nan nan nan nan nan nan nan nan nan nan nan 4.187672577991264911e-01 6.500383018363929954e-01 1.009265376143070103e+00 1.540377724183918939e+00 1.003779576895939218e+00 6.693675730428655379e-01 1.050333480550428966e+00 6.605317893461372103e-01
nan nan nan nan nan nan nan nan nan nan nan nan nan nan nan nan nan 4.053365255779987075e-01 6.361788446802928432e-01 1.023452752443884339e+00 1.510913051052479972e+00 1.003919297610033290e+00 1.548492303221815192e+00 1.019184140358636359e+00
nan nan nan nan nan nan nan nan nan nan nan nan nan nan nan nan nan nan 5.688844530412676681e-01 9.059588048010186467e-01 1.014235030322406583e+00 1.010706464088964918e+00 1.015569734817030945e+00 1.563567339985980187e+00
nan nan nan nan nan nan nan nan nan nan nan nan nan nan nan nan nan nan nan 6.325847603153554877e-01 1.008247035508136769e+00 1.600165608759678282e+00 1.010751269754671000e+00 1.233975069521142220e+00
nan nan nan nan nan nan nan nan nan nan nan nan nan nan nan nan nan nan nan nan 6.370541228432541336e-01 1.007911364814223720e+00 1.604183192319287965e+00 1.012831971019238164e+00
nan nan nan nan nan nan nan nan nan nan nan nan nan nan nan nan nan nan nan nan nan 6.468629724414264315e-01 9.961581846751775826e-01 1.596609374276397819e+00
nan nan nan nan nan nan nan nan nan nan nan nan nan nan nan nan nan nan nan nan nan nan 6.257329701249229048e-01 1.004258914549857717e+00
nan nan nan nan nan nan nan nan nan nan nan nan nan nan nan nan nan nan nan nan nan nan nan 6.201905685345608932e-01
