1.000000000000004219e-01 1.000000000000004219e-01 1.000000000000021982e-01 1.000000000000126343e-01 1.178609520766610297e-01 1.776785489809836749e-01 2.604470195395395260e-01 3.389562234843893629e-01 5.157006305861276951e-01 7.260739186044521398e-01 4.945904714036711836e-01 7.266389921627224302e-01 7.592403152243961673e-01 4.942868987678895598e-01 6.216095476424584598e-01 6.446217326792703650e-01 9.041035399552040941e-01 1.260393115664667274e+00 1.688246373804375811e+00 2.196942299680568755e+00 2.812826341354559112e+00 3.570545295251888351e+00 4.551014259731016587e+00 5.616381843125744844e+00
nan 1.000000000000001998e-01 1.000000000000004219e-01 1.000000000000021982e-01 1.513939729815719781e-01 2.354025892225323213e-01 3.358740724657388599e-01 2.166474215791468483e-01 3.392689087084607147e-01 5.187638216494162569e-01 7.354942807754477618e-01 7.000276775390142925e-01 1.033623558180003066e+00 6.951655534865343045e-01 4.665633073449989565e-01 4.618087696317710877e-01 6.627482570547603702e-01 9.686052182792194154e-01 1.393600515766115766e+00 2.001775149648965524e+00 2.863116400869786915e+00 4.119000650964691701e+00 5.819086379289168498e+00 7.424511833317174236e+00
nan nan 1.000000000000004219e-01 1.000000000000004219e-01 1.000000000005433209e-01 1.543228147734990729e-01 2.222961783134252967e-01 1.422453362946928257e-01 2.193543622713797214e-01 3.394983105637628951e-01 4.749724597398753412e-01 4.587893121685492348e-01 6.967142904650523993e-01 4.625772574398577808e-01 3.119820148610802368e-01 4.672315091999473813e-01 7.140962286098565537e-01 1.093088964385968254e+00 1.677918232816682398e+00 2.573208212112555682e+00 3.937186016814498313e+00 5.876540574836486286e+00 8.233128392767138592e+00 9.468584453122833366e+00
nan nan nan 1.000000000000004219e-01 1.000000000000004219e-01 1.178007170624638666e-01 1.813689688185887716e-01 1.199333935792615824e-01 1.409014533452256357e-01 2.202848994921132730e-01 3.116951495457803700e-01 3.030283105928041065e-01 4.646117233428340709e-01 3.146883420168925527e-01 4.657803821176350612e-01 6.886846250452433038e-01 1.061418502595256275e+00 1.644990206236335517e+00 2.557759999623927083e+00 3.937417159538023181e+00 5.890102266345721205e+00 8.334543271258530339e+00 1.185225126670510143e+01 1.217282184426074210e+01
nan nan nan nan 1.000000000000004219e-01 1.000000000000010880e-01 1.194347701687913377e-01 1.536886858433924585e-01 1.000000000015502932e-01 1.472041075321325332e-01 2.078705249971867230e-01 1.979274233923590254e-01 3.041262867850195173e-01 4.667208613701711029e-01 7.100605686260109684e-01 6.987642070723129040e-01 1.087667506868262635e+00 1.719628010374248728e+00 2.736799291802988865e+00 4.351135190765055505e+00 6.893808907080994253e+00 1.095429974407067064e+01 1.721439861872062949e+01 1.565957886966378076e+01
nan nan nan nan nan 1.000000000000004219e-01 1.000000000000208500e-01 1.512700035917923236e-01 1.059645359197595171e-01 1.274504373967403348e-01 1.978467853236797191e-01 2.999411017803162993e-01 2.327538578080542431e-01 3.348132503298416607e-01 4.728367629159740959e-01 5.811037709132621520e-01 8.874789359320379711e-01 1.400824752008993368e+00 2.232869788120940502e+00 3.582435138303548872e+00 5.740626529519443189e+00 9.216212198144342338e+00 1.473291625755890344e+01 2.341137045836283903e+01
nan nan nan nan nan nan 1.000000000000004219e-01 1.000000000000714762e-01 1.561927401171371299e-01 1.454966699537799668e-01 1.588227258846487411e-01 2.442864095044176009e-01 3.474223497108978043e-01 4.888791946190521598e-01 7.142582293121958470e-01 8.844054248950233843e-01 1.267107759199395112e+00 2.015830369307210823e+00 3.240707918013577160e+00 5.244965820778325849e+00 8.472984377412055679e+00 1.367047551220378843e+01 2.211160215635145576e+01 3.556235097055049721e+01
nan nan nan nan nan nan nan 1.000000000000004219e-01 1.424736210599774067e-01 2.240923037420209374e-01 1.544058810570075879e-01 2.422084507163971834e-01 3.521521133152588634e-01 3.159433056625394753e-01 4.893367787963461835e-01 7.572578332873755036e-01 9.724021571910971273e-01 1.523542154119121417e+00 2.427062894819680405e+00 3.919853510226885884e+00 6.344696179441866590e+00 1.022255405219285329e+01 1.631085069377579089e+01 2.606483173875103532e+01
nan nan nan nan nan nan nan nan 1.000000000000343947e-01 1.548730279835405232e-01 2.421321561772128428e-01 2.715135081503065040e-01 4.295772487036210174e-01 4.880550720922945951e-01 7.513672942891967965e-01 1.169384705966762805e+00 1.512127912572049482e+00 9.708093210474598722e-01 1.535727210421999445e+00 2.459928490471380513e+00 3.973421512860273896e+00 6.401629639641136293e+00 1.024885686579542821e+01 1.632430023597812863e+01
nan nan nan nan nan nan nan nan nan 1.737296361998140748e-01 2.708880621766797114e-01 4.297383524861412285e-01 3.179927119185256279e-01 4.996009431598568140e-01 7.189400754091413992e-01 1.138804900471749537e+00 9.889063336592690545e-01 6.406168466499436720e-01 9.824246928275338631e-01 1.559876595903955110e+00 2.504734883064913209e+00 4.032023804404622602e+00 6.432994858196576793e+00 1.026879732230415065e+01
nan nan nan nan nan nan nan nan nan nan 1.924878574513805285e-01 3.012478476448373632e-01 4.699978640126348806e-01 7.341721848470977863e-01 1.139518482063220262e+00 7.364970633386259680e-01 6.498857157043224086e-01 9.825492072514431241e-01 6.262712562866333821e-01 9.829776711694705460e-01 1.560763257324632391e+00 2.511070705621237131e+00 4.036111760650957336e+00 6.434189747187423869e+00
nan nan nan nan nan nan nan nan nan nan nan 2.558849023019588165e-01 4.010274032441095704e-01 6.244110429248613814e-01 9.822266086173191413e-01 6.271104831982251548e-01 4.253904274970675692e-01 6.493475561623619496e-01 9.823040021391259424e-01 6.454744539365678824e-01 1.019378151216124184e+00 1.626641290435709486e+00 2.606304486190916148e+00 4.125741615154708164e+00
nan nan nan nan nan nan nan nan nan nan nan nan 2.710557255027475909e-01 4.249426366945282529e-01 6.392781462736126796e-01 9.828124015627609511e-01 6.297521130015836244e-01 9.854537746184149904e-01 7.318119872386464886e-01 4.728599875358424631e-01 6.476070325274522199e-01 1.020727373329736398e+00 1.626397796262474937e+00 2.606323248370471024e+00
nan nan nan nan nan nan nan nan nan nan nan nan nan 3.059079323213437229e-01 4.779377668855654404e-01 6.327894606102687503e-01 9.830348091088553231e-01 7.010290425408859383e-01 9.852788522439240859e-01 6.485442761001026790e-01 4.160042465637833198e-01 6.462518182700939251e-01 1.021409306377313975e+00 1.629949741789422202e+00
nan nan nan nan nan nan nan nan nan nan nan nan nan nan 3.052380897044660868e-01 4.786849236941622676e-01 7.182242371302830497e-01 1.089340124721882574e+00 6.978485317347303818e-01 4.588444727007291446e-01 6.463286220282843386e-01 4.138697607302715964e-01 6.463514401968321055e-01 1.021488790257323753e+00
nan nan nan nan nan nan nan nan nan nan nan nan nan nan nan 3.067167502561537473e-01 4.794916397908762784e-01 7.132742641577828335e-01 6.673724149789729276e-01 4.261648833526744395e-01 4.552745732454804850e-01 2.991094290475907469e-01 4.264941729098788992e-01 6.472717107179665197e-01
nan nan nan nan nan nan nan nan nan nan nan nan nan nan nan nan 3.088778144584155561e-01 4.803945403652011281e-01 7.214274807653057175e-01 6.659463444312091474e-01 4.998969059503609591e-01 4.547401457424918858e-01 6.656933100845913165e-01 4.266914214556777329e-01
nan nan nan nan nan nan nan nan nan nan nan nan nan nan nan nan nan 4.467873313204825392e-01 6.998501864070499900e-01 1.041873738709732766e+00 7.676925415894438887e-01 6.774705622893367751e-01 1.039239776638694490e+00 6.660619988865298380e-01
nan nan nan nan nan nan nan nan nan nan nan nan nan nan nan nan nan nan 6.366823600033800767e-01 9.934723523743015372e-01 1.196300942235715148e+00 9.230418927835456477e-01 6.848530132879094845e-01 1.040371440028616146e+00
nan nan nan nan nan nan nan nan nan nan nan nan nan nan nan nan nan nan nan 6.301908813144215804e-01 9.934292621093615550e-01 1.445837157692616337e+00 9.186739670567870553e-01 6.829477425506710331e-01
nan nan nan nan nan nan nan nan nan nan nan nan nan nan nan nan nan nan nan nan 6.315518755819037322e-01 9.927855983988739252e-01 1.447032588290244615e+00 9.250166003684480165e-01
nan nan nan nan nan nan nan nan nan nan nan nan nan nan nan nan nan nan nan nan nan 6.445365564590669338e-01 9.233522165443445173e-01 1.446595588977564795e+00
nan nan nan nan nan nan nan nan nan nan nan nan nan nan nan nan nan nan nan nan nan nan 5.828978098240712447e-01 9.233049302610697451e-01
nan nan nan nan nan nan nan nan nan nan nan nan nan nan nan nan nan nan nan nan nan nan nan 5.705914943821862595e-01
