1.000000000000033085e-01 1.000000000000021982e-01 1.000000000000090816e-01 1.000000000000297318e-01 1.280414480474910688e-01 1.933949061063936492e-01 2.844125443966801781e-01 4.069044415914079282e-01 6.213349830268611873e-01 7.637488190211046968e-01 5.198869936808897529e-01 7.705831891310649384e-01 9.646785002877594772e-01 6.545767403671410856e-01 6.146212637833358139e-01 6.707485122025945712e-01 9.625173678391006904e-01 1.198907246835644091e+00 1.820525374338823887e+00 2.257992773611060322e+00 2.197642770936783396e+00 3.006197367873582493e+00 4.154586220082692627e+00 5.600303818828290758e+00
nan 1.000000000000010880e-01 1.000000000000019762e-01 1.000000000000186295e-01 1.533371770071710882e-01 2.394147570167314276e-01 3.586791465115982680e-01 2.591536944060185421e-01 4.072233519421221137e-01 6.248078477408690601e-01 7.748431342747982287e-01 7.044733948515299327e-01 1.040814542149554267e+00 6.998880167391864360e-01 4.727742509768549928e-01 4.638071014967243277e-01 6.625670665906192580e-01 9.685188550362576754e-01 1.393915752723322576e+00 2.031651557053913315e+00 2.915669933097205568e+00 4.101474178436265383e+00 5.589319265989550090e+00 7.114497116155646950e+00
nan nan 1.000000000000013101e-01 1.000000000000028644e-01 1.100327002786253283e-01 1.711491354722015634e-01 2.619775888632117633e-01 1.679808791880418317e-01 2.619904599180443716e-01 4.072413225362953026e-01 4.999966651341513080e-01 4.617543805497595910e-01 7.009162245501076027e-01 4.653502275804998201e-01 3.268519518625426779e-01 4.912098638341438894e-01 7.529270415287897533e-01 1.155498937482503319e+00 1.775992751956243065e+00 2.724549565374443372e+00 4.168513663746691300e+00 5.602678610157035166e+00 7.758657315273987720e+00 8.741196206643522260e+00
nan nan nan 1.000000000000037526e-01 1.000000000000026423e-01 1.163921688869397064e-01 1.792167373250582729e-01 1.182697624162948324e-01 1.682933292799614344e-01 2.638505315985094635e-01 3.281147484442493711e-01 3.050073228942186132e-01 4.674838671110227439e-01 3.160440669533318703e-01 4.702283829682017968e-01 7.169400195062615166e-01 1.112146235042954956e+00 1.731905411665144445e+00 2.703334848030497728e+00 4.171274401540116195e+00 6.218819553936954847e+00 7.796037763819956723e+00 1.095989985603676686e+01 1.100552640473098975e+01
nan nan nan nan 1.000000000000021982e-01 1.000000000000048628e-01 1.178340571008756887e-01 1.749413659240263152e-01 1.128497043155501922e-01 1.746026213333621291e-01 2.183478779077298038e-01 1.994376089519581674e-01 3.061026802064307217e-01 4.694304870350357595e-01 7.146320848276027649e-01 6.414750742659188765e-01 9.976725713174058319e-01 1.576228073373978411e+00 2.507550569742405866e+00 3.984720428463075503e+00 6.309210224082912433e+00 1.001588346823491804e+01 1.571884191395713337e+01 1.392474816924809211e+01
nan nan nan nan nan 1.000000000000028644e-01 1.000000000000299538e-01 1.503123450703059971e-01 1.045993314231582483e-01 1.283547657838884914e-01 1.993109801831055572e-01 3.032888857535708249e-01 2.602217365906162039e-01 3.187924439520354314e-01 4.706933194293499989e-01 5.205019866777224058e-01 7.935821180251528828e-01 1.250687548012048289e+00 1.990597829927651663e+00 3.190879946818341306e+00 5.107533493860280771e+00 8.191087467256981114e+00 1.307797265586841640e+01 2.075747125555281514e+01
nan nan nan nan nan nan 1.000000000000015321e-01 1.000000000000759171e-01 1.559482441169236511e-01 1.267280280186046104e-01 1.683472069157349038e-01 2.596050510459254612e-01 3.883621964502396162e-01 4.526016813082266443e-01 6.776474299287863490e-01 7.891520226842093644e-01 1.118349340692279981e+00 1.776495568619235854e+00 2.852605763475628997e+00 4.613515110337330860e+00 7.449343652394551540e+00 1.201590410258888042e+01 1.942391565385408825e+01 3.123140669056365226e+01
nan nan nan nan nan nan nan 1.000000000000019762e-01 1.241239088835371929e-01 1.947379813945301352e-01 1.527247679271167558e-01 2.407538689049729674e-01 3.573779075672128824e-01 2.928872247426684838e-01 4.527136753874964059e-01 6.983033172430094249e-01 8.911437321720979687e-01 1.395850520174897191e+00 2.224086381855780559e+00 3.594152384980856763e+00 5.825280487197671775e+00 9.408248282944549956e+00 1.504842379021031107e+01 2.411899989176743730e+01
nan nan nan nan nan nan nan nan 1.000000000003572476e-01 1.535584799202459605e-01 2.409448788379057182e-01 2.503205003570784237e-01 3.950526233584402691e-01 4.520942454097550689e-01 6.931401523569574730e-01 1.076028583945551453e+00 1.380195205654604518e+00 8.984325684735831041e-01 1.420435984395338469e+00 2.274343527728384551e+00 3.672198290532761700e+00 5.914301541716546318e+00 9.440044273374882167e+00 1.505496459820013300e+01
nan nan nan nan nan nan nan nan nan 1.603391380494399998e-01 2.503287295664103906e-01 3.951335000435604039e-01 2.863115864854913761e-01 4.494136037024484276e-01 6.601547956764933778e-01 1.042616124376476883e+00 9.102224973554339238e-01 5.901337697048637532e-01 9.100940929519959477e-01 1.443556028468417907e+00 2.316172075329871127e+00 3.721562659131615103e+00 5.908218167030951484e+00 9.442903024338377804e+00
nan nan nan nan nan nan nan nan nan nan 1.753015812492010328e-01 2.740430885902692681e-01 4.277432288001371541e-01 6.694743050953041452e-01 1.043953751277900910e+00 6.771624874426548368e-01 5.968813844169652549e-01 9.096562742902337684e-01 5.805820796397139771e-01 9.105390575398236708e-01 1.444738082467611484e+00 2.322727036728248873e+00 3.727457076317949980e+00 5.908831964746761756e+00
nan nan nan nan nan nan nan nan nan nan nan 2.360095809195336125e-01 3.694281576700767511e-01 5.754490834899904650e-01 9.062478525304332733e-01 5.806409955406509615e-01 3.912977800536613371e-01 5.967245684748486712e-01 9.098436939014348246e-01 6.897342655799830746e-01 1.090393201350016827e+00 1.741743430378355217e+00 2.791757808575932920e+00 4.418068524794835028e+00
nan nan nan nan nan nan nan nan nan nan nan nan 2.485309627178452496e-01 3.890971673429265421e-01 5.886862792670627398e-01 9.069887751859745384e-01 5.844532215998708979e-01 9.115425087483167710e-01 6.978572346385191194e-01 4.512963984588197475e-01 6.906399714976748649e-01 1.091187347385391693e+00 1.739881490531923980e+00 2.791762318443462121e+00
nan nan nan nan nan nan nan nan nan nan nan nan nan 2.891158932313996344e-01 4.514533720507726278e-01 5.845629705987563929e-01 9.075803978472009037e-01 7.084384151752692871e-01 1.035580636251197006e+00 6.909043151921508974e-01 4.424157822753883584e-01 6.895094974357992568e-01 1.091448286869847628e+00 1.744586400469094745e+00
nan nan nan nan nan nan nan nan nan nan nan nan nan nan 3.007750070764484418e-01 4.716593012457498402e-01 7.165810647211529050e-01 1.098416189060746007e+00 7.037314668679420793e-01 4.614026963899030553e-01 6.890153727946196627e-01 4.407319603625404758e-01 6.895233710510187963e-01 1.091741635340808259e+00
nan nan nan nan nan nan nan nan nan nan nan nan nan nan nan 3.024296592131167083e-01 4.724993561628959560e-01 7.155324318656278715e-01 6.240622499227951314e-01 4.067590900251308872e-01 5.071486860116735107e-01 3.320222545117693658e-01 4.820354839963075788e-01 6.906502766119045900e-01
nan nan nan nan nan nan nan nan nan nan nan nan nan nan nan nan 3.046217972617043523e-01 4.736990588713706485e-01 7.164503273654178050e-01 6.352745246673306978e-01 4.741111371523051288e-01 5.072460194382822918e-01 7.546010831564801125e-01 4.822091510821407967e-01
nan nan nan nan nan nan nan nan nan nan nan nan nan nan nan nan nan 4.201190997573723829e-01 6.576427031884809482e-01 9.921618912122122103e-01 7.277531551433439327e-01 7.661223316497326463e-01 1.180574716465091711e+00 7.549894096656869502e-01
nan nan nan nan nan nan nan nan nan nan nan nan nan nan nan nan nan nan 6.183975326265617189e-01 9.646224002081046356e-01 1.133176541813122551e+00 9.261225649032044371e-01 7.751734582289745434e-01 1.181705580539640810e+00
nan nan nan nan nan nan nan nan nan nan nan nan nan nan nan nan nan nan nan 6.121505524440201684e-01 9.646229790488128897e-01 1.448677999992699306e+00 9.209392614020853740e-01 7.730511365855982087e-01
nan nan nan nan nan nan nan nan nan nan nan nan nan nan nan nan nan nan nan nan 6.135092647949184075e-01 9.641722634862787134e-01 1.449613632874199087e+00 9.275599313375083588e-01
nan nan nan nan nan nan nan nan nan nan nan nan nan nan nan nan nan nan nan nan nan 6.261081447743733763e-01 9.226909238922392786e-01 1.448589188855566423e+00
nan nan nan nan nan nan nan nan nan nan nan nan nan nan nan nan nan nan nan nan nan nan 5.824686229694325812e-01 9.222262190752085198e-01
nan nan nan nan nan nan nan nan nan nan nan nan nan nan nan nan nan nan nan nan nan nan nan 5.700870774533431939e-01
