1.231281481318701188e-01 1.454948536319254915e-01 1.703508666168548347e-01 1.997695647425651311e-01 2.344669349828759630e-01 2.753136230449845234e-01 3.231643851344113694e-01 3.792569720601114414e-01 4.451864433899926921e-01 5.221258331902983718e-01 6.119710802973218344e-01 7.159777828873769012e-01 8.333863387787764365e-01 9.460721655606120217e-01 9.605867675580378462e-01 1.081935673681035048e+00 1.217860094768730583e+00 1.264561947791924545e+00 1.412331579753811628e+00 1.559270342029040801e+00 1.651370180670358234e+00 1.834557909256982366e+00 2.038749411397950961e+00 2.174115660498392000e+00
nan 1.246838014600689659e-01 1.452700254410229652e-01 1.703827154468805505e-01 1.998771915567610913e-01 2.349632856365685418e-01 2.757594913579425322e-01 3.234746668574918216e-01 3.805457274676363744e-01 4.469822057725639786e-01 5.243497530183324207e-01 6.150177601486342960e-01 7.202544533977289776e-01 8.350420305123326115e-01 8.422488091289913603e-01 9.553362019362131585e-01 1.088530131373385945e+00 1.248781401150441006e+00 1.431146565700041506e+00 1.605847755532974652e+00 1.750619975493089342e+00 1.921430375759397791e+00 2.060002899088265504e+00 2.181552987445945391e+00
nan nan 1.242628193537743675e-01 1.452551469110178184e-01 1.704409692028620027e-01 2.003391068352228244e-01 2.355117185463658780e-01 2.760635532605159037e-01 3.246345367082080768e-01 3.817287241228178862e-01 4.470869056029526112e-01 5.246252711542117586e-01 6.155542681205307121e-01 7.204900649118729516e-01 7.957341073462279590e-01 9.209522795543404472e-01 1.071054318592779886e+00 1.243372829052368012e+00 1.436882087954206355e+00 1.635995670202885943e+00 1.750418907570194804e+00 1.897443099550687240e+00 2.006837467527531782e+00 2.088101441308996886e+00
nan nan nan 1.276467449839008284e-01 1.488812146233021716e-01 1.748132534741196897e-01 2.055132638228315267e-01 2.411445722308548367e-01 2.827566529233865866e-01 3.323635592075470102e-01 3.872671455613850844e-01 4.516326430634000078e-01 5.287571452399767447e-01 6.176452264304593820e-01 6.937852574509456582e-01 8.044275539235009598e-01 9.386551128551062773e-01 1.096962586991229394e+00 1.281971084781592829e+00 1.491000829961023122e+00 1.719839857689437146e+00 1.908783008087066690e+00 2.130816471931503475e+00 2.203674500974575068e+00
nan nan nan nan 1.450840786505299684e-01 1.693747932066008710e-01 1.986093649207557599e-01 2.328674267639033735e-01 2.718348587696507446e-01 3.187247033915104888e-01 3.723402175551443483e-01 4.319443002636856876e-01 5.062695206370170231e-01 5.933124492830378349e-01 6.947805136625061495e-01 8.125747158917534518e-01 9.541703337524171102e-01 1.122606876031182921e+00 1.321284534410499756e+00 1.550967776476961824e+00 1.812787987680398505e+00 2.109611293811773258e+00 2.433840368447140801e+00 2.416947096788865768e+00
nan nan nan nan nan 1.862612182714012965e-01 2.180975834901769383e-01 2.567917838745029657e-01 3.023935815181370002e-01 3.556965298411250975e-01 4.187104990732936072e-01 4.886816825899543693e-01 5.690770184982359980e-01 6.644823669330407467e-01 7.726736119287450633e-01 8.969535984159920927e-01 1.048527740443390588e+00 1.233189315492843274e+00 1.453422465969865129e+00 1.712809196494904818e+00 2.012377687937001447e+00 2.355946529330320782e+00 2.739984086638479699e+00 2.799277471901623571e+00
nan nan nan nan nan nan 1.877105958955159748e-01 2.203380802718920561e-01 2.600108258873453648e-01 3.062600217497922772e-01 3.608142907588823833e-01 4.248575930748453855e-01 4.988135922769446617e-01 5.865144775454501636e-01 6.893894880558989469e-01 8.100046753774635677e-01 9.521343658413620181e-01 1.123278591919498748e+00 1.327298950131914790e+00 1.569104850593898703e+00 1.850473878617020507e+00 2.176017400848995642e+00 2.549807527504365456e+00 2.975432810694563113e+00
nan nan nan nan nan nan nan 2.055694892785452366e-01 2.410797874682676367e-01 2.833997788666243745e-01 3.239580722616021147e-01 3.807136982058035857e-01 4.441575537889225211e-01 5.184980655558381057e-01 6.089084651037109941e-01 7.158103093804909500e-01 8.419882697441928299e-01 9.928925074469562295e-01 1.173446545419174480e+00 1.389346573585442446e+00 1.642726616343007873e+00 1.937892953548676189e+00 2.276455120825053413e+00 2.665692600524360412e+00
nan nan nan nan nan nan nan nan 2.541856844610207444e-01 2.987910620711063947e-01 3.523020233573789239e-01 4.143306581823934520e-01 4.885204674722681828e-01 5.685618472581212002e-01 6.654547063118471106e-01 7.797969262738381202e-01 9.105819931615376506e-01 1.065036342468819619e+00 1.255182735473291622e+00 1.483718577657663573e+00 1.756276469227046721e+00 2.073618557962058961e+00 2.438202980616789972e+00 2.854038828629052560e+00
nan nan nan nan nan nan nan nan nan 2.634770916041829780e-01 3.088425260997608168e-01 3.635163034824254735e-01 4.268199075220001637e-01 5.018870312551605428e-01 5.817392960375512567e-01 6.838706238884021404e-01 8.035863027866129160e-01 9.439319402905316236e-01 1.112193049048742832e+00 1.314483560730788980e+00 1.556332679604704783e+00 1.840836211734844685e+00 2.170062852560646682e+00 2.544609911740842723e+00
nan nan nan nan nan nan nan nan nan nan 3.573071087317455374e-01 4.194108954689638180e-01 4.934755192103054133e-01 5.809678172393980544e-01 6.819076419589867877e-01 6.019966143615010923e-01 7.036319513226124700e-01 8.219805372179939118e-01 9.595152353107764265e-01 1.130144804909999579e+00 1.335130413996456600e+00 1.580003081399696363e+00 1.865409556862224427e+00 2.190962508802162922e+00
nan nan nan nan nan nan nan nan nan nan nan 3.953390925775671638e-01 4.635604322000329569e-01 5.444184317445385224e-01 6.398210756976286939e-01 6.093495386715267470e-01 6.454707681261510066e-01 7.503512602063230341e-01 8.684796028436055915e-01 1.011712669706203549e+00 1.190347156122617100e+00 1.407096985309918225e+00 1.653037658372339180e+00 1.931637039936549005e+00
nan nan nan nan nan nan nan nan nan nan nan nan 4.412073948038891524e-01 5.174519964451161913e-01 6.065171721866741139e-01 7.110986832524425205e-01 6.220610965545766424e-01 7.271720400839730702e-01 8.449093275763176480e-01 8.626166128524784815e-01 1.011416530825296700e+00 1.190593904771249711e+00 1.407128203221069906e+00 1.645895779322054775e+00
nan nan nan nan nan nan nan nan nan nan nan nan nan 4.494351611337107366e-01 5.263523889881808193e-01 6.160593103806523141e-01 7.218540695223610859e-01 6.280760308618148491e-01 7.314490076473022517e-01 8.160548510742736683e-01 8.605924608060392389e-01 1.009556226565670567e+00 1.189769740024813061e+00 1.394930777688771606e+00
nan nan nan nan nan nan nan nan nan nan nan nan nan nan 4.518732408683810986e-01 5.297806204297544896e-01 6.203329012273622878e-01 7.253494323396086907e-01 6.288109086418890437e-01 7.045297178763013646e-01 7.419236503060137045e-01 8.578039057441083637e-01 1.008747216814849690e+00 1.179858916227652710e+00
nan nan nan nan nan nan nan nan nan nan nan nan nan nan nan 4.549266978138747364e-01 5.324855482357927494e-01 6.221477080584790764e-01 7.051709010128500710e-01 6.036825824108441596e-01 6.971479593522534879e-01 7.348464077626942759e-01 8.576780561369886646e-01 9.989291708726281138e-01
nan nan nan nan nan nan nan nan nan nan nan nan nan nan nan nan 4.562340361803333133e-01 5.334417442374447260e-01 6.223522849189183637e-01 6.971438823493362191e-01 5.989576382123641407e-01 6.991828699443963790e-01 7.344979772563756670e-01 8.491407484496295011e-01
nan nan nan nan nan nan nan nan nan nan nan nan nan nan nan nan nan 5.415489362955928643e-01 6.338211070794997903e-01 7.399449683867261873e-01 6.471627329581856047e-01 7.404702873489376058e-01 8.500140991104266908e-01 7.237542910123678785e-01
nan nan nan nan nan nan nan nan nan nan nan nan nan nan nan nan nan nan 5.431239497946546146e-01 6.344653739422575489e-01 7.398914176990275537e-01 6.386060019030798118e-01 7.359230571651277364e-01 8.468943389757123130e-01
nan nan nan nan nan nan nan nan nan nan nan nan nan nan nan nan nan nan nan 5.420221757674582586e-01 6.344190896712312844e-01 7.382361293769404975e-01 6.335706334256560046e-01 7.365784171624186749e-01
nan nan nan nan nan nan nan nan nan nan nan nan nan nan nan nan nan nan nan nan 5.423014409334644403e-01 6.327088945406261766e-01 7.364870657346332949e-01 6.343058954559844809e-01
nan nan nan nan nan nan nan nan nan nan nan nan nan nan nan nan nan nan nan nan nan 5.425580350400945884e-01 6.168011504211513563e-01 7.015919989972575488e-01
nan nan nan nan nan nan nan nan nan nan nan nan nan nan nan nan nan nan nan nan nan nan 5.260631655131339235e-01 6.004951680584634799e-01
nan nan nan nan nan nan nan nan nan nan nan nan nan nan nan nan nan nan nan nan nan nan nan 5.034054462457203671e-01
