0.10911538022253911	0.13183868166748178	0.16185433749668485	0.1981836027093734	0.24549433960185205	0.30424346454765216	0.3764274786781171	0.4672501025535688	0.5787919895512859	0.5547457654846464	0.6360805964910339	0.7994917490162131	0.9898541331919748	0.8000009959473594	0.9488320101510562	0.8654857293171269	1.0363840130317612	1.2875575192326174	1.5957109352407228	1.6639176726488607	1.6941250644036896	1.9147982707518987	2.2783070166813544	1.4694949062040255
1	0.12470220297270522	0.15128144118678508	0.18620129894945672	0.23045195607815752	0.28586406007519677	0.35520384092920565	0.4417600357293206	0.5491787292255265	0.6813687656446219	0.7849289517452063	0.9545424667353667	1.1878456195288356	0.9896955112400431	0.7995410182969915	0.7076141703873464	0.8782051141596094	1.0934931189520873	1.3608989545984933	1.6567328445675729	2.0020619675984883	2.1196031546502647	1.885239188361803	2.2181606279282557
1	1	0.12479204766522856	0.15138560423168307	0.18631568940842155	0.2305793892386767	0.2859890910709932	0.35541171056645704	0.4416970551582815	0.5487472095847615	0.6328586318386715	0.7669365826019412	0.9545567964901175	0.7974428106689043	0.7023621253683483	0.8726937873721945	1.0875168975640666	1.3561718437083892	1.6902801518554047	1.7939974455975765	2.0171171946957682	2.3767880334795657	2.347260077041616	2.0766743900686935
1	1	1	0.12967349446226303	0.15640393662482713	0.19174957987369862	0.23624056596571874	0.2915212777008734	0.36035004958103467	0.4446909723221641	0.5100148249962596	0.6164890557473799	0.7663720652837281	0.643576561353993	0.6077936164931844	0.7545264663639124	0.9401922534571637	1.1729206356681912	1.4640324065090384	1.827732192481777	2.2807446968588883	1.912078991424656	1.9045958714000315	1.817995738252076
1	1	1	1	0.13576081336322993	0.1638365193625171	0.2003383018282861	0.24525505515355736	0.2940963489212012	0.36064536283730236	0.4128935026874023	0.49749365827266323	0.6159542076602454	0.5833576038847105	0.7168513466694838	0.6694112586845482	0.8317399966614548	1.0366892067648639	1.2933668139856125	1.6141031582945669	2.013612862257003	2.3813466257212834	1.9116700016145352	1.5343839752552701
1	1	1	1	1	0.1626224660105682	0.19831843496815152	0.2446669863205603	0.3029213785729755	0.37544773516189395	0.4646314926374436	0.4611819202835964	0.4970907632509807	0.4762007104306616	0.5816103261747408	0.6607653008167418	0.8209007059092367	1.0232398762447632	1.276799986249255	1.5939470616982174	1.990195743413214	2.483845801751342	2.3844640827933765	1.911193861188417
1	1	1	1	1	1	0.19569524555486065	0.2396967828304781	0.29652089339580245	0.3676102258158868	0.4560782433273364	0.5647476716194934	0.4618171384513032	0.5835169214047345	0.5692855789788446	0.7044060361088743	0.860734180176858	1.0711689394172081	1.3361321598198548	1.6678248781248772	2.082353375675901	2.5989370642372154	2.9754933782848387	2.384717698643944
1	1	1	1	1	1	1	0.228529118035384	0.2806097598461905	0.34744977217991946	0.43073685480491214	0.5335879306717551	0.5522219663244201	0.5690085361989	0.7033539985806956	0.8738085781789624	0.8314145553771233	1.03425979650604	1.2900205988186337	1.6104062220403013	2.0111065065682614	2.5118269365913215	3.1359228947971016	2.9758255301309977
1	1	1	1	1	1	1	1	0.2890404975407001	0.356203940368918	0.441805934450856	0.5485564984157817	0.6806560038966201	0.7038647550151844	0.8743549163762859	1.0859430701533221	0.8778616242960718	0.9692158003935795	1.20670951666093	1.5056186402437108	1.879877722248562	2.3479369393360607	2.9327334560950433	3.6615631458213165
1	1	1	1	1	1	1	1	1	0.4006990194625437	0.49431127913304956	0.611655814504853	0.7065595628676495	0.8741654108031864	0.7651053492557164	0.9472191141774424	0.8961135871909369	0.7966186164967328	0.9904789807500815	1.2352875313079361	1.541988009083721	1.9255200915946005	2.40465591502236	3.001240199416578
1	1	1	1	1	1	1	1	1	1	0.39934014881073493	0.493672183671234	0.613242452358492	0.7625723718255223	0.9471416112927931	0.7655900704799982	0.7257124683964412	0.8960960587776394	0.7980545949388498	0.9914268421822857	1.236101645252292	1.5426882406369375	1.9260478145762585	2.4044601463394004
1	1	1	1	1	1	1	1	1	1	1	0.46399968517243034	0.5744147779388464	0.713863965944097	0.8870237192284889	0.7441559932946714	0.659833290038099	0.8153152272911626	0.9860483075703663	0.8713800124158443	1.0849626861010626	1.3558284264397316	1.6919548554920079	2.110682378658459
1	1	1	1	1	1	1	1	1	1	1	1	0.4819612283267938	0.5966942034169624	0.7414199787320999	0.9209170725696687	0.8157643705927025	1.0109162093011068	0.8711473384221845	0.7052432394593096	0.872366904414535	1.0883243263817366	1.3548816418797365	1.6913383050978221
1	1	1	1	1	1	1	1	1	1	1	1	1	0.5151671673948651	0.6382772289273173	0.7936247519075003	0.9866677326709242	0.8167684707753495	0.9362754388709922	0.9393559052227349	0.702860995653152	0.8722622054910951	1.0868949245112633	1.3556014711666426
1	1	1	1	1	1	1	1	1	1	1	1	1	1	0.5111081703065217	0.6331667050064469	0.7864642390377646	0.9776317462786337	0.7563828110054569	0.7569679931126116	0.6832583983966677	0.701147899983824	0.8728356044014869	1.0853533026113473
1	1	1	1	1	1	1	1	1	1	1	1	1	1	1	0.511679286689807	0.6334389145890563	0.7870174819318727	0.6209151525557901	0.6109200604441968	0.6848240537875953	0.566747217331746	0.7020400118743021	0.8710899929509531
1	1	1	1	1	1	1	1	1	1	1	1	1	1	1	1	0.500338430571714	0.6182927982665253	0.765483483867258	0.5893902837097502	0.5556471089230585	0.578712617107653	0.7153166496717486	0.7007959271250863
1	1	1	1	1	1	1	1	1	1	1	1	1	1	1	1	1	0.47593405871195105	0.5877893259363793	0.7271627369226065	0.5778023044231646	0.7153759467276002	0.8870384713349395	0.7175969433666082
1	1	1	1	1	1	1	1	1	1	1	1	1	1	1	1	1	1	0.46726245894492974	0.577182705825499	0.7143002794589843	0.57826859231899	0.7154607761135374	0.8869480549410397
1	1	1	1	1	1	1	1	1	1	1	1	1	1	1	1	1	1	1	0.47323692482415874	0.5822243086741912	0.8151447682151423	0.5782546233692986	0.7147101991858479
1	1	1	1	1	1	1	1	1	1	1	1	1	1	1	1	1	1	1	1	0.47377376274712196	0.6577172003551176	0.7496116901614525	0.5782610491525113
1	1	1	1	1	1	1	1	1	1	1	1	1	1	1	1	1	1	1	1	1	0.5317565802601241	0.6050880004889918	0.6998177656621726
1	1	1	1	1	1	1	1	1	1	1	1	1	1	1	1	1	1	1	1	1	1	0.4894565734165127	0.5653222710483357
1	1	1	1	1	1	1	1	1	1	1	1	1	1	1	1	1	1	1	1	1	1	1	0.45776822182317456