1.327017585012171264e-01 1.504183026817755842e-01 1.782405076796043097e-01 2.105032782026183824e-01 2.452551079570748360e-01 2.862430473708206247e-01 3.291830099617221173e-01 3.817830286624934732e-01 4.425000826402294418e-01 4.784166788799035785e-01 4.739576493498638410e-01 5.320456805668289935e-01 5.950452611457699437e-01 6.643410393361679489e-01 7.480264048453932890e-01 8.403954758069394071e-01 9.404070437566562912e-01 1.051764729857019187e+00 1.179160991561496896e+00 1.320873638479783008e+00 1.465665354877620175e+00 1.617861278582525930e+00 1.779994841016730778e+00 1.926869846061483926e+00
nan 1.292834826638515899e-01 1.506886741702151422e-01 1.793262054830617735e-01 2.123817987056044743e-01 2.506394957104469690e-01 2.955834831750661085e-01 3.376049509186338504e-01 3.984945491249884952e-01 4.654938804044959078e-01 4.652316354021057698e-01 5.429910637460844125e-01 6.046331332703434036e-01 6.613042015451247035e-01 6.999189239711900434e-01 7.925443477874642983e-01 9.028776619492404620e-01 1.029693850651351106e+00 1.168707491409125776e+00 1.315849314458049868e+00 1.484656268993994388e+00 1.694538669694100275e+00 1.933444444424856634e+00 2.120658696366014340e+00
nan nan 1.292064378723807305e-01 1.517579376961339932e-01 1.803618234196635584e-01 2.139290936136304389e-01 2.517735202812401152e-01 2.958614698339727678e-01 3.470257382636356969e-01 4.077196234208924075e-01 3.976924220799382681e-01 4.653055366514475821e-01 5.446729994158079347e-01 5.859045889371139459e-01 6.640399659572693292e-01 7.653068472470148098e-01 8.905915643765842660e-01 1.036704890642138110e+00 1.205608986920083225e+00 1.398717509905357481e+00 1.618539232854288468e+00 1.866382203056153433e+00 2.149759630011842670e+00 2.393889356555264580e+00
nan nan nan 1.317360031026819644e-01 1.534831483137073516e-01 1.811340746837895033e-01 2.142383966515193361e-01 2.519422640231807620e-01 2.967134436663976249e-01 3.516173440434042785e-01 3.933832383470541316e-01 4.546647846556122197e-01 5.332986531809402742e-01 6.224231711366452480e-01 7.254044285886291910e-01 8.482211359390863237e-01 9.973950895123264715e-01 1.174345508237833346e+00 1.381649712812035968e+00 1.612737635099312339e+00 1.861352171330037830e+00 2.138435316340947079e+00 2.444581974694112425e+00 2.705288301551898034e+00
nan nan nan nan 1.399991693700692874e-01 1.641757881279628517e-01 1.945110515514592020e-01 2.309567806890138186e-01 2.735173529470447118e-01 3.247840561242383295e-01 3.844268437485747203e-01 4.531632792268218690e-01 5.382795433518308137e-01 6.395658508658712549e-01 7.583240696102790945e-01 8.952509726494197739e-01 1.061813574059615295e+00 1.263398401844821439e+00 1.504552662834677701e+00 1.783317214634482450e+00 2.097722636540638952e+00 2.448157800088258451e+00 2.800753144217852597e+00 3.056339030888638675e+00
nan nan nan nan nan 1.591307391277916317e-01 1.870274981018786864e-01 2.222508478970779411e-01 2.642350811883751316e-01 3.139513622687866157e-01 3.740380967321408345e-01 4.429267452582617004e-01 5.245368116915547496e-01 6.223913170814665552e-01 7.382369014383105554e-01 8.758315751025149698e-01 1.041531921828101392e+00 1.243901578685856713e+00 1.487394106332002863e+00 1.776655558891596431e+00 2.111420596646126135e+00 2.503461744590617322e+00 2.955588076918039597e+00 3.456720234494368604e+00
nan nan nan nan nan nan 1.754476576487031814e-01 2.076042793825014776e-01 2.481430540407050245e-01 2.960654193744904905e-01 3.535948170242912969e-01 4.224992209349116568e-01 5.035400158557727934e-01 6.010008906319062039e-01 7.166816479962889730e-01 8.537258330317669675e-01 1.016950409767174435e+00 1.218005224095159544e+00 1.462769107952037295e+00 1.758076903268420477e+00 2.104097212838048403e+00 2.503950188484392214e+00 2.961244658512796502e+00 3.470553659852625650e+00
nan nan nan nan nan nan nan 2.043021531914621658e-01 2.423008799076680209e-01 2.897336605652949260e-01 3.451806015583693821e-01 4.131018651153053334e-01 4.921446740872514880e-01 5.860036723988579777e-01 6.998293450907822066e-01 8.352687215888590089e-01 9.962159352613160213e-01 1.192183895128414495e+00 1.431671937617183143e+00 1.724532933560159353e+00 2.073968821345730351e+00 2.482237904675411055e+00 2.949790950086133900e+00 3.479420026354613782e+00
nan nan nan nan nan nan nan nan 2.798689047413331910e-01 3.322944395987712518e-01 3.966212092693821578e-01 4.710753804110210385e-01 5.630353577217577232e-01 6.627199428378029999e-01 7.843616482657587152e-01 9.219121107693839523e-01 1.065937828087524242e+00 1.241073088398012114e+00 1.478923101631030246e+00 1.774737996126900530e+00 2.136050895629204138e+00 2.558905539659457773e+00 3.040308935643010635e+00 3.576711643527268336e+00
nan nan nan nan nan nan nan nan nan 3.920417350707310344e-01 4.650022288280686311e-01 5.553474112932552664e-01 6.589711916794622759e-01 7.842220626308127329e-01 7.147165305207445751e-01 8.405882171488292531e-01 9.600125011699842670e-01 1.076445272260420527e+00 1.273313021270360057e+00 1.524377671370538589e+00 1.831182946147602131e+00 2.194957534999306681e+00 2.609336342490338634e+00 3.078721265971451793e+00
nan nan nan nan nan nan nan nan nan nan 4.390491783761045763e-01 5.195342439947010504e-01 6.158691423420032951e-01 7.287170383670908969e-01 8.444905445161583479e-01 7.206449205924316814e-01 8.430279051628795095e-01 9.769494777206790825e-01 1.070298338465013988e+00 1.273234329759207917e+00 1.524909626623567327e+00 1.834091490030263838e+00 2.194929444920865613e+00 2.609068231478405497e+00
nan nan nan nan nan nan nan nan nan nan nan 5.135780955937425674e-01 6.079740120929326697e-01 7.209737763322923154e-01 8.563489741761600715e-01 7.512936565158945257e-01 7.312232977731012440e-01 8.477576267002511212e-01 9.250191931048716842e-01 1.064743952842957864e+00 1.273294716078829047e+00 1.528705155952466921e+00 1.835494713514356224e+00 2.194839049469179404e+00
nan nan nan nan nan nan nan nan nan nan nan nan 5.367824389966957543e-01 6.350728943188288511e-01 7.489944338310476901e-01 8.832931287797944897e-01 7.688395102273204440e-01 9.046980873867453976e-01 1.053941704626473186e+00 9.038354356881550533e-01 1.064303375228675907e+00 1.272546616167222311e+00 1.529823471666880152e+00 1.835581831030290267e+00
nan nan nan nan nan nan nan nan nan nan nan nan nan 5.503825916240927540e-01 6.491828431786264009e-01 7.634532621756269233e-01 9.001405540157136898e-01 7.818817441531480394e-01 9.163248161918347012e-01 9.040663192256817027e-01 8.955123594760239225e-01 1.063165716605644295e+00 1.273628126063730104e+00 1.529837379405807329e+00
nan nan nan nan nan nan nan nan nan nan nan nan nan nan 5.591927269974141801e-01 6.632912582699475035e-01 7.801795661009467420e-01 9.160643802844348205e-01 7.832637397842376892e-01 7.756193343596347045e-01 7.778823778333261441e-01 8.951837193473708432e-01 1.062448234802432445e+00 1.273150688366420535e+00
nan nan nan nan nan nan nan nan nan nan nan nan nan nan nan 5.645459129404313270e-01 6.647030020448301268e-01 7.807543415808442244e-01 7.714583356017628013e-01 6.604653390820427461e-01 7.721770686335442946e-01 7.637763722494028684e-01 8.953089624344856556e-01 1.063437595056652363e+00
nan nan nan nan nan nan nan nan nan nan nan nan nan nan nan nan 5.668407208324843793e-01 6.654082646323171701e-01 7.809298692944646181e-01 7.770239031182750722e-01 7.329678076031416190e-01 8.514467906421381294e-01 7.630656496394678800e-01 8.944957449097905577e-01
nan nan nan nan nan nan nan nan nan nan nan nan nan nan nan nan nan 6.015209161502497182e-01 7.085841119752682715e-01 8.317787726089866940e-01 8.303572648170709503e-01 7.523861859837339683e-01 8.898885044133408861e-01 7.557341092026772511e-01
nan nan nan nan nan nan nan nan nan nan nan nan nan nan nan nan nan nan 6.934466274652444362e-01 8.149879734654958963e-01 9.553503421244113891e-01 8.299963167214567950e-01 8.511849814992695773e-01 8.883251038454151871e-01
nan nan nan nan nan nan nan nan nan nan nan nan nan nan nan nan nan nan nan 6.989854042602650086e-01 8.273915485727707519e-01 9.705718346418104048e-01 8.392926226046759641e-01 9.426860756890829141e-01
nan nan nan nan nan nan nan nan nan nan nan nan nan nan nan nan nan nan nan nan 7.041495763374656658e-01 8.279804834629482801e-01 9.744314932087598802e-01 8.452356121887592000e-01
nan nan nan nan nan nan nan nan nan nan nan nan nan nan nan nan nan nan nan nan nan 7.076404291901068344e-01 8.198518497346347633e-01 9.642451073715390120e-01
nan nan nan nan nan nan nan nan nan nan nan nan nan nan nan nan nan nan nan nan nan nan 6.911301094021427005e-01 8.196517557222584571e-01
nan nan nan nan nan nan nan nan nan nan nan nan nan nan nan nan nan nan nan nan nan nan nan 6.845614331483818038e-01
