1.922860556787520103e-02 2.144525975851818700e-02 2.440452759906208691e-02 2.799012272634615606e-02 3.220611743364076851e-02 3.712963906151900417e-02 4.278107989451562787e-02 4.928990992296333751e-02 5.683245330586794708e-02 6.546559558616582564e-02 7.539105374592081077e-02 8.682017552493048740e-02 9.993458813825251141e-02 1.149710759153128592e-01 1.322466256917682603e-01 1.521004600951507690e-01 1.749584545283429105e-01 2.013131758489874468e-01 2.317038440058565296e-01 2.667012311394771906e-01 3.069091735874105442e-01 3.529698988467744325e-01 4.055785847262123323e-01 4.653704199346870851e-01
nan 1.894929172774095782e-02 2.162606743435824264e-02 2.503404363961458934e-02 2.916222094785592134e-02 3.407433556920347328e-02 3.978295490105687726e-02 4.644345364391888609e-02 5.437772642008842361e-02 6.356378440104326621e-02 7.417610920519202011e-02 8.650279149726158856e-02 1.008129611995600694e-01 1.174441857038768244e-01 1.368118884803901647e-01 1.594627452108416943e-01 1.859751314339948003e-01 2.169937748709720449e-01 2.531927922622085880e-01 2.953157367294056979e-01 3.441707827338176262e-01 4.006584954343881400e-01 4.658707301607969420e-01 5.430684466499129393e-01
nan nan 2.392164592180767713e-02 2.747976810599750408e-02 3.193206624411448757e-02 3.725682558160858804e-02 4.351491192946377318e-02 5.072720129384644672e-02 5.941431226414173317e-02 6.962896740055701805e-02 8.134763455746996108e-02 9.521924966546757574e-02 1.115450548767344952e-01 1.306339207910287570e-01 1.530036245932679950e-01 1.792682523258073424e-01 2.101592837743613273e-01 2.463266857601653648e-01 2.886251696482278195e-01 3.380315153330883948e-01 3.958068342145912855e-01 4.632248483957210894e-01 5.419282024878788739e-01 6.338873961248936428e-01
nan nan nan 3.187668984715896769e-02 3.681849426577699091e-02 4.293448557898948970e-02 5.023932334814595890e-02 5.870804025006748361e-02 6.867256375499297683e-02 8.067241669478009136e-02 9.429629837751085653e-02 1.102976126846901828e-01 1.293542215890441938e-01 1.516120326648111583e-01 1.777015266679522476e-01 2.084027147501343880e-01 2.446744463565175831e-01 2.873092452594252499e-01 3.372342775985033292e-01 3.950248943867440410e-01 4.624425659741706607e-01 5.413093851149630709e-01 6.339300263628329102e-01 7.453907744817962477e-01
nan nan nan nan 4.258468157157624390e-02 4.919476601420447182e-02 5.741270971860723549e-02 6.718761798985206646e-02 7.850535681702552893e-02 9.215057753248068195e-02 1.080121569677379156e-01 1.263196581888146319e-01 1.484090365876371553e-01 1.743547090295429758e-01 2.047103663784584082e-01 2.401013721252693855e-01 2.824142615727245342e-01 3.328022670849204445e-01 3.923498937911478190e-01 4.612744366833505527e-01 5.406953305649637720e-01 6.339063108098275112e-01 7.457553825301379558e-01 8.765698690402690119e-01
nan nan nan nan nan 5.617949884279549444e-02 6.511511392092605988e-02 7.638322339417946694e-02 8.971389981817168291e-02 1.054209673445938300e-01 1.243021615990844708e-01 1.459004427152295058e-01 1.712372740578105290e-01 2.011949171553033544e-01 2.361622012904796009e-01 2.770581424616533894e-01 3.256360173160388616e-01 3.843399727068548266e-01 4.545776800323144684e-01 5.375632401240613145e-01 6.335404682561651679e-01 7.457930781986432667e-01 8.770433308065861411e-01 1.032063280016094264e+00
nan nan nan nan nan nan 7.245553998524711936e-02 8.471051127532769343e-02 1.000659840681097368e-01 1.180620206089715296e-01 1.395533678688869461e-01 1.650579430350411769e-01 1.946016918431732190e-01 2.297148690443020502e-01 2.708202578770870783e-01 3.189603111942516112e-01 3.757518120337872691e-01 4.450553811286346306e-01 5.285077791896115595e-01 6.282086792447130197e-01 7.439694419506008849e-01 8.770305905952155978e-01 1.032809568566505742e+00 1.215871188800599967e+00
nan nan nan nan nan nan nan 9.962684074041150417e-02 1.171357150601515240e-01 1.386785633831328912e-01 1.635751389419939361e-01 1.939805454306127164e-01 2.288979350978834759e-01 2.698120040583031898e-01 3.183000951638730314e-01 3.751633523232364986e-01 4.417263353663141157e-01 5.218017611089458274e-01 6.190074307096922190e-01 7.370081277587829938e-01 8.754674975624421318e-01 1.033005582995158544e+00 1.216813252689898484e+00 1.430455551559516536e+00
nan nan nan nan nan nan nan nan 1.384978570194288494e-01 1.633511039249582186e-01 1.932583714799656072e-01 2.275267364050022056e-01 2.697658818582002738e-01 3.174279303272951047e-01 3.746646507334601139e-01 4.414324918117882302e-01 5.193668761566323511e-01 6.112969640326058052e-01 7.252502986385063188e-01 8.636903751345450519e-01 1.029684357393570782e+00 1.217301167397572659e+00 1.430847704888931649e+00 1.681005630202566881e+00
nan nan nan nan nan nan nan nan nan 1.929684571220018352e-01 2.272578407910235132e-01 2.690193470324249159e-01 3.167982404280231812e-01 3.745883309593964761e-01 4.369291725989927766e-01 5.159053713135455244e-01 6.071436654752337958e-01 7.119599487344367983e-01 8.414758846495478117e-01 1.003013204107277012e+00 1.197717191319106700e+00 1.426941918854625069e+00 1.681915975014494968e+00 1.959778793798264473e+00
nan nan nan nan nan nan nan nan nan nan 2.662567502599042513e-01 3.132202420948202448e-01 3.697133828793308652e-01 4.369760627802470321e-01 5.149360516900409745e-01 4.678819973703631785e-01 5.453168777377974674e-01 6.308448940329245413e-01 7.117861039227431075e-01 8.418223522501344647e-01 1.003642205444814639e+00 1.199076506822002841e+00 1.427033947434657168e+00 1.682174849199648214e+00
nan nan nan nan nan nan nan nan nan nan nan 2.761809331546127844e-01 3.241035802562448609e-01 3.813309142492244952e-01 4.501657086125208096e-01 4.350437109441034345e-01 4.981148502094012720e-01 5.734687385973982199e-01 6.185773734863810880e-01 7.078414729159601126e-01 8.417121493597863324e-01 1.004175050752399656e+00 1.199276467964273341e+00 1.426808609458253940e+00
nan nan nan nan nan nan nan nan nan nan nan nan 3.130692861772363944e-01 3.675537026637869520e-01 4.305297508387442296e-01 5.056796945291301970e-01 4.378184442673016541e-01 5.103142721229732004e-01 5.883557535779355696e-01 6.022493590861770496e-01 7.070026649853584644e-01 8.418761024465546416e-01 1.004338990236022244e+00 1.199286172988714760e+00
nan nan nan nan nan nan nan nan nan nan nan nan nan 3.148601735112981359e-01 3.687077888519270097e-01 4.312317233215567924e-01 5.062004681743568213e-01 4.391096500612141629e-01 5.100690056863594890e-01 5.816742864363999566e-01 5.984750373838816362e-01 7.058972121542579359e-01 8.416628478517180767e-01 1.004357130838011702e+00
nan nan nan nan nan nan nan nan nan nan nan nan nan nan 3.160720711864200005e-01 3.708256488062271483e-01 4.334333461170682966e-01 5.066341073264422068e-01 4.398235063133821843e-01 5.043930439114057140e-01 5.228070459989020424e-01 5.961285868173085145e-01 7.056486262223871098e-01 8.416359106910833443e-01
nan nan nan nan nan nan nan nan nan nan nan nan nan nan nan 3.175522476183281206e-01 3.716764590283720970e-01 4.339748628666424413e-01 5.041709267059548694e-01 4.335419672230298449e-01 5.046291035501933031e-01 5.105545600786323135e-01 5.956656806057265552e-01 7.053814682544126136e-01
nan nan nan nan nan nan nan nan nan nan nan nan nan nan nan nan 3.190810233509246974e-01 3.725112108516088760e-01 4.346278257787006272e-01 4.987318271622382948e-01 4.419023600449267786e-01 5.033124876507473200e-01 5.105275278987193577e-01 5.952128628022059775e-01
nan nan nan nan nan nan nan nan nan nan nan nan nan nan nan nan nan 3.223216053343749277e-01 3.761207516263413986e-01 4.378992010686220127e-01 4.125913491924342313e-01 4.393305778707909948e-01 5.047291028910931843e-01 5.084427276006260321e-01
nan nan nan nan nan nan nan nan nan nan nan nan nan nan nan nan nan nan 3.237077544312743083e-01 3.766008022487901119e-01 4.380395742774407797e-01 3.817181025258407079e-01 4.385893491851091675e-01 5.007576474329733518e-01
nan nan nan nan nan nan nan nan nan nan nan nan nan nan nan nan nan nan nan 3.226553410600845329e-01 3.766959179739881591e-01 4.381715076664043362e-01 3.789965560166395075e-01 4.379355199475116756e-01
nan nan nan nan nan nan nan nan nan nan nan nan nan nan nan nan nan nan nan nan 3.229702696712148935e-01 3.765272307653595441e-01 4.380346687823972740e-01 3.806360388327967303e-01
nan nan nan nan nan nan nan nan nan nan nan nan nan nan nan nan nan nan nan nan nan 3.255611207145543418e-01 3.690428313749787304e-01 4.300771608550468805e-01
nan nan nan nan nan nan nan nan nan nan nan nan nan nan nan nan nan nan nan nan nan nan 3.145346405142914747e-01 3.688608465845344409e-01
nan nan nan nan nan nan nan nan nan nan nan nan nan nan nan nan nan nan nan nan nan nan nan 3.104910788258470333e-01
