1.548902107824554619e-01 1.843717950054890586e-01 2.178455163373842485e-01 2.575634755607631998e-01 3.070128535333385145e-01 3.667166224817532960e-01 4.345944932095728852e-01 5.102253313711053728e-01 5.919193436396417152e-01 5.369621575342369280e-01 5.865780206942923236e-01 6.639637437892613736e-01 7.497340908898995071e-01 7.272792463382866668e-01 8.069546648059251481e-01 8.992001379783505222e-01 9.923087487270929596e-01 1.087812260641070505e+00 1.192882616521505845e+00 1.309345425894078208e+00 1.438609377354151952e+00 1.581539482961066057e+00 1.743213427573244267e+00 1.875693759625684631e+00
nan 1.584935229434012438e-01 1.845106006293675271e-01 2.189070378303206166e-01 2.623687335011466448e-01 3.142666577642916348e-01 3.724564966030976532e-01 4.403241903928520884e-01 5.226436512657726130e-01 6.124957087817075596e-01 5.583510896674994672e-01 6.429018461186621902e-01 7.216179130259050556e-01 6.924244037520883577e-01 7.241115184911546265e-01 8.185972919856450147e-01 9.291982273343646348e-01 1.056640383753666423e+00 1.198544831333164140e+00 1.356994807121249647e+00 1.536384109248603025e+00 1.741835989396999462e+00 1.982497182547993120e+00 1.978198423801160732e+00
nan nan 1.563736569416747102e-01 1.849997151959235087e-01 2.206972987440498635e-01 2.632934802222608450e-01 3.146056553311937787e-01 3.727390070420693036e-01 4.434312356794332111e-01 5.256112931347713957e-01 4.790342554138111719e-01 5.569765715274916928e-01 6.439781663278625334e-01 6.124865496619631422e-01 6.984481214045945574e-01 8.070045173817295137e-01 9.401038235733101267e-01 1.095258411873843318e+00 1.274445647142928628e+00 1.478286695410509832e+00 1.711097040585985329e+00 1.959451121858756917e+00 2.210913205374545498e+00 2.107167662779628969e+00
nan nan nan 1.633216902948855243e-01 1.922181904534592256e-01 2.284871990064036851e-01 2.719850541265351751e-01 3.225023350620779272e-01 3.817822919725124553e-01 4.532350847903696689e-01 4.197412857320519386e-01 4.851152714297120028e-01 5.688300178151641795e-01 6.628766929362344129e-01 7.722260422817859293e-01 9.030403422823842785e-01 1.061547139481079149e+00 1.249188320448146872e+00 1.468407330555709489e+00 1.709786806011863280e+00 1.958639190724833057e+00 2.220750557357746846e+00 2.496108974394075641e+00 2.271413892520468547e+00
nan nan nan nan 1.663223463920284750e-01 1.956942997539918849e-01 2.321948492136693964e-01 2.757113240533037857e-01 3.259301879864009432e-01 3.863573257629182578e-01 4.533605267643523451e-01 4.909508638792756674e-01 5.778753226701511814e-01 6.800992239664189754e-01 7.992043082129340892e-01 9.368479291041831303e-01 1.108560775480131433e+00 1.317427421201400772e+00 1.567378704677182544e+00 1.855212924766883820e+00 2.177625553520645241e+00 2.532267144652498914e+00 2.848423308242080232e+00 2.561443568100006285e+00
nan nan nan nan nan 1.836399045235714844e-01 2.168060577257406862e-01 2.582141055107196603e-01 3.072445498021463273e-01 3.647208803513537489e-01 4.322553152551549260e-01 4.923826487728111267e-01 5.678689239527181520e-01 6.634103668241011498e-01 7.749057045978278158e-01 9.074510010010456984e-01 1.070193098169965218e+00 1.273105502982814219e+00 1.519551915364671490e+00 1.813516299871115844e+00 2.152458217431858056e+00 2.538897175191003441e+00 2.958153810168719478e+00 2.965029385920660676e+00
nan nan nan nan nan nan 1.872950186560611296e-01 2.219531786657069627e-01 2.657645531662520266e-01 3.179089677874233910e-01 3.804623264168327523e-01 4.547644080496200392e-01 5.398742694725020552e-01 6.401280845929566699e-01 7.561420699129781653e-01 8.909275656714081837e-01 1.050543441369192532e+00 1.251716813304144971e+00 1.497480073939597034e+00 1.794436429496265362e+00 2.140315441511552841e+00 2.536266746082764367e+00 2.981329901317371522e+00 3.446257759632052498e+00
nan nan nan nan nan nan nan 2.130046906932248074e-01 2.528738874349372168e-01 3.026271751765512441e-01 3.609694330346371327e-01 4.319927006555206450e-01 5.133216920496872504e-01 6.089240197492684636e-01 7.233090367715373503e-01 8.578996235772848866e-01 1.016395686123961806e+00 1.210430545640333033e+00 1.448374153586744928e+00 1.740702138566860402e+00 2.089744904759733846e+00 2.497455421358554695e+00 2.964300923205944738e+00 3.494806250280585225e+00
nan nan nan nan nan nan nan nan 2.985272191566743505e-01 3.551550337416318204e-01 4.247094261382060587e-01 5.054345271158020569e-01 6.040640715184093512e-01 7.065599690021193702e-01 8.353048507143880919e-01 9.755961487999520454e-01 1.033275917807344513e+00 1.197739063269160908e+00 1.425070724546614098e+00 1.708018615686880626e+00 2.054213025127143322e+00 2.459984988883953783e+00 2.923341521416108701e+00 3.447440135446000475e+00
nan nan nan nan nan nan nan nan nan 4.173549095347806048e-01 4.951824457444453653e-01 5.914669424703109524e-01 7.017753368002184189e-01 8.354344067194192647e-01 7.938143587603292417e-01 9.432349179247447868e-01 1.056596391031881410e+00 1.094228449760584088e+00 1.291792608354985550e+00 1.543507179611972813e+00 1.855728407780628864e+00 2.219257314171557471e+00 2.645187798912351784e+00 3.116395375093929943e+00
nan nan nan nan nan nan nan nan nan nan 4.784378282239973856e-01 5.673688235008913505e-01 6.746035551320401780e-01 8.010807900561101036e-01 9.433917279188173133e-01 7.987918473757755766e-01 9.179931207699172369e-01 1.051528487625206676e+00 1.085021894821106780e+00 1.289783088946921730e+00 1.547081476994467408e+00 1.856961580210461538e+00 2.236964652856497260e+00 2.645063525305112240e+00
nan nan nan nan nan nan nan nan nan nan nan 5.237792443522506503e-01 6.204546765892344773e-01 7.361302934902123063e-01 8.741375135855700140e-01 7.731072382913064533e-01 7.874366608996246075e-01 9.174685801142599129e-01 9.332833441993788615e-01 1.080944309936305636e+00 1.290038285296370102e+00 1.552125952341313120e+00 1.860105118230148236e+00 2.218366674674093542e+00
nan nan nan nan nan nan nan nan nan nan nan nan 5.505835724124015229e-01 6.518939874047871008e-01 7.697475401835145448e-01 9.085683900041747751e-01 7.982131316136573673e-01 9.368535696815818437e-01 1.072035385371952643e+00 9.161390120624286482e-01 1.080420432929743324e+00 1.294404316168723312e+00 1.550907156991305325e+00 1.857688457234569324e+00
nan nan nan nan nan nan nan nan nan nan nan nan nan 5.593846953042509451e-01 6.601797103421755963e-01 7.770580674568070556e-01 9.159584839312251425e-01 8.151366551010457151e-01 9.569012606338018756e-01 9.075246678677093559e-01 9.105607938422699554e-01 1.081323217651396718e+00 1.291352109141322035e+00 1.547590264362134427e+00
nan nan nan nan nan nan nan nan nan nan nan nan nan nan 5.869824675263641822e-01 6.942550019320690158e-01 8.162385277164294628e-01 9.570418175716715048e-01 8.156394929045749365e-01 7.900925339311675177e-01 7.868728039778836170e-01 9.096106504680492311e-01 1.078525087113102021e+00 1.290498227185028934e+00
nan nan nan nan nan nan nan nan nan nan nan nan nan nan nan 5.889159278732778446e-01 6.953482687265357676e-01 8.177499185723999808e-01 8.147632520067609185e-01 6.963748479989742002e-01 8.064500871744904043e-01 7.749940654475300228e-01 9.097447721120230923e-01 1.079783068360662401e+00
nan nan nan nan nan nan nan nan nan nan nan nan nan nan nan nan 5.913275288160182441e-01 6.964798652755905817e-01 8.181583572272013161e-01 7.977140243760485472e-01 7.409440126349138289e-01 8.560739610052114923e-01 9.631224496427266413e-01 9.099101336652550831e-01
nan nan nan nan nan nan nan nan nan nan nan nan nan nan nan nan nan 6.092742873064276310e-01 7.183830649842908311e-01 8.455680445212037100e-01 8.552378720509556942e-01 9.799385859036457980e-01 1.133083672492426697e+00 9.622931595030121965e-01
nan nan nan nan nan nan nan nan nan nan nan nan nan nan nan nan nan nan 7.160942476900884479e-01 8.427487385984659962e-01 9.858492392561835072e-01 8.626963639794733574e-01 9.915509983871817479e-01 1.133750763159695474e+00
nan nan nan nan nan nan nan nan nan nan nan nan nan nan nan nan nan nan nan 7.271740956118832866e-01 8.603424735611759910e-01 1.005047405005608852e+00 8.596120947442273952e-01 9.954636975098802854e-01
nan nan nan nan nan nan nan nan nan nan nan nan nan nan nan nan nan nan nan nan 7.282769747307895614e-01 8.604363235597913828e-01 1.004347426270723709e+00 8.643418930805246703e-01
nan nan nan nan nan nan nan nan nan nan nan nan nan nan nan nan nan nan nan nan nan 7.324707752641512748e-01 8.558196205217032393e-01 1.006059317142282694e+00
nan nan nan nan nan nan nan nan nan nan nan nan nan nan nan nan nan nan nan nan nan nan 7.201872218724065799e-01 8.557669191530565822e-01
nan nan nan nan nan nan nan nan nan nan nan nan nan nan nan nan nan nan nan nan nan nan nan 7.132028876805940332e-01
