7.727027311439151891e-01 7.467344314220363266e-01 7.727120238847806633e-01 8.022802141749263427e-01 7.808033933597928744e-01 9.648159098986794913e-01 1.084800133597222604e+00 1.052693549255655281e+00 1.187921347143896078e+00 1.027526011715953924e+00 9.921126423548611850e-01 1.041675063501620535e+00 1.159396115573358088e+00 1.043856508637191816e+00 1.071531175545001879e+00 1.026443103959994829e+00 1.008465135211684682e+00 1.091453612281883867e+00 1.029600763888361747e+00 1.058663532205226243e+00 1.007538746675183283e+00 9.997191908205882438e-01 1.031185273893790111e+00 1.101257946569301094e+00
nan 8.512250066134778859e-01 8.322281814600671623e-01 8.119711384775722962e-01 8.870656492652513325e-01 9.420177063298766917e-01 1.036128064221957690e+00 9.047384009039516339e-01 1.029861003684117371e+00 1.204777464512294394e+00 1.022670423805814188e+00 1.175208386987466991e+00 1.091000103981588865e+00 1.006612156476286657e+00 1.095666728520132249e+00 1.019300526781754535e+00 1.025188541170832135e+00 1.075024781615500302e+00 1.079657905501794968e+00 1.001870175444679489e+00 1.024521157917445802e+00 1.002571427709531005e+00 1.079047205079824767e+00 1.022905921548106445e+00
nan nan 7.956989400216805119e-01 8.898745853866067979e-01 8.431919219815946498e-01 8.512859459811503715e-01 1.057463948837755741e+00 9.934753270934884029e-01 1.047423115671448191e+00 1.225330686517066781e+00 1.126586198579365483e+00 1.028765329132592665e+00 1.004443543206285927e+00 1.009689479483852903e+00 1.007261286901085295e+00 1.007326380154084156e+00 1.137805383456105268e+00 1.017539638687642967e+00 1.095376650513676164e+00 1.081930978397523724e+00 1.035262706613176320e+00 1.086452871373026596e+00 1.037247740744499769e+00 1.039290771084000475e+00
nan nan nan 8.310109388601245595e-01 7.905092835078666447e-01 8.877630434927004099e-01 9.978065280106698243e-01 9.881025948884147869e-01 9.901124755163071001e-01 1.234512763555333681e+00 1.292362940077822930e+00 1.150554786682607133e+00 1.130135884428994153e+00 1.032779230910213730e+00 1.023603212571666532e+00 1.025101544080325944e+00 1.192800639888192293e+00 1.033917650075951933e+00 1.208511640269054332e+00 1.055749001324494785e+00 1.103393515152680582e+00 1.094319459906338388e+00 1.221332357657859191e+00 1.099021257183183220e+00
nan nan nan nan 7.704737890176920345e-01 7.630804246483886555e-01 8.350973370376555405e-01 1.011069894028761240e+00 9.612091964129920729e-01 1.172766548936019504e+00 1.288439781674750151e+00 1.111979523664709646e+00 1.235349117316223211e+00 1.053470629847524709e+00 1.139180388636456875e+00 1.034524396919986433e+00 1.062864019116774195e+00 1.084638162150886043e+00 1.115708253722587529e+00 1.059139153631325936e+00 1.197134612377328544e+00 1.038523182197974570e+00 1.082704953725589281e+00 1.024755079990062878e+00
nan nan nan nan nan 8.169221443814229655e-01 8.003519825710252444e-01 8.308142852892002050e-01 9.575231280927067878e-01 9.996000075965645326e-01 1.229414052809841174e+00 1.066235458283798287e+00 1.148346685811898027e+00 9.983289108566169023e-01 9.922739362291170817e-01 1.115331549710384174e+00 1.072472919446096462e+00 1.177865065073171458e+00 1.032203420873308630e+00 1.224852318006320218e+00 1.059798800518151562e+00 1.111475283338048570e+00 1.189680501542086599e+00 1.040560926414530574e+00
nan nan nan nan nan nan 8.337902091140774186e-01 8.514319965881407271e-01 9.292947036497791746e-01 9.576562928762875071e-01 9.998591804768373059e-01 1.250281019218376422e+00 1.023634688772193879e+00 1.151392803874520698e+00 1.012726664448462266e+00 1.104499869615269692e+00 9.784778855303186695e-01 1.017054139879324470e+00 1.175332442337168715e+00 1.186626983775596056e+00 1.237535669528519122e+00 1.126372909189445881e+00 1.051903202200648035e+00 1.195065777087312320e+00
nan nan nan nan nan nan nan 8.517723724807528818e-01 8.596992661111704237e-01 9.744320330113878104e-01 1.001537052928454408e+00 1.184900611784554858e+00 1.275359724581479171e+00 1.042818976927413210e+00 1.089595442231847233e+00 1.011541067033026042e+00 1.028373837056824947e+00 1.144833531103774060e+00 1.004917637809772391e+00 1.175717350722374377e+00 1.053986611358983083e+00 1.230992481541778094e+00 1.089921115225551240e+00 1.083963675997430709e+00
nan nan nan nan nan nan nan nan 8.365192608316596168e-01 8.573221239152062356e-01 1.072526648822530237e+00 1.023314850263438380e+00 1.279874273912168903e+00 1.083053832671865724e+00 1.236759355058827836e+00 1.102901604296686600e+00 1.119506128168632486e+00 1.004836042513841843e+00 1.124051993651244086e+00 1.082947710621620541e+00 1.229393572912986343e+00 1.043843826400070451e+00 1.189343333155534754e+00 1.024840315359190068e+00
nan nan nan nan nan nan nan nan nan 8.172711658489142383e-01 8.577268703488147850e-01 1.031640749936544754e+00 1.087880523108554431e+00 1.342266876458192648e+00 1.078659106597161355e+00 1.228094292557157186e+00 1.034418049761458569e+00 1.036502131040856867e+00 1.108246480979126147e+00 1.059764198170121574e+00 1.150055770909288011e+00 1.220285646144019687e+00 1.048638932091870757e+00 1.183486761314883839e+00
nan nan nan nan nan nan nan nan nan nan 7.673390422005974543e-01 8.281890924022510259e-01 1.033295194011238927e+00 1.267513544536596815e+00 1.342720554711783087e+00 1.125387275547573562e+00 1.141177970336621161e+00 1.064470178586959470e+00 1.019303859102674181e+00 1.198479222616711581e+00 1.073533403158708932e+00 1.040379954579246480e+00 1.189137804488586081e+00 1.004021079357392932e+00
nan nan nan nan nan nan nan nan nan nan nan 7.306726895603594674e-01 8.435610245421027997e-01 1.048900039334035306e+00 1.272174126013205786e+00 1.037303548871407965e+00 1.249094957437377751e+00 1.066434749538980764e+00 1.190633755028978946e+00 9.804756849994924472e-01 1.103854355326818304e+00 1.189632626595442666e+00 1.055642320889782493e+00 1.189528947752976684e+00
nan nan nan nan nan nan nan nan nan nan nan nan 7.424274365491858596e-01 8.667648880705911552e-01 1.065829054936134224e+00 1.242613426234019602e+00 1.091473756825814156e+00 1.268005352233148919e+00 1.074055811892570045e+00 1.029461636882156306e+00 1.106887098739638198e+00 1.015412783667917207e+00 1.187952279538170952e+00 1.012570917835473150e+00
nan nan nan nan nan nan nan nan nan nan nan nan nan 7.343894425366588319e-01 8.653607320654517210e-01 1.072552248532355978e+00 1.207300952585262266e+00 1.019381781779921781e+00 1.266232030225003413e+00 1.159939424188847212e+00 9.957798586770403304e-01 1.102414001602844085e+00 1.045145121907038899e+00 1.187595483658891116e+00
nan nan nan nan nan nan nan nan nan nan nan nan nan nan 7.569757761853461719e-01 9.135097095350510621e-01 1.129246491816703557e+00 1.198001824903724533e+00 1.368375897740961022e+00 1.177076584344176613e+00 1.150801192218746216e+00 1.079077934522060911e+00 1.158137086483394640e+00 1.008327140749661233e+00
nan nan nan nan nan nan nan nan nan nan nan nan nan nan nan 7.477551921733922580e-01 9.239124651218872941e-01 1.007187609406617224e+00 1.198736394729534194e+00 1.061902461867554326e+00 1.170163569239299761e+00 9.899761146108692067e-01 1.081004365708936987e+00 1.101500752872914823e+00
nan nan nan nan nan nan nan nan nan nan nan nan nan nan nan nan 7.522960074740712155e-01 8.487797183796597089e-01 1.063834062662355251e+00 1.242285451322285184e+00 1.096894520860187683e+00 1.032103219388080806e+00 1.014457413101478966e+00 1.003049521819134426e+00
nan nan nan nan nan nan nan nan nan nan nan nan nan nan nan nan nan 7.325831281760089020e-01 9.065662039583386456e-01 1.127120626095218903e+00 1.071120250637382476e+00 1.190324570418585193e+00 1.250322410464803635e+00 1.084302386166019705e+00
nan nan nan nan nan nan nan nan nan nan nan nan nan nan nan nan nan nan 8.268872600654373350e-01 1.030059418201932253e+00 1.207947111287074993e+00 1.021260126117899070e+00 1.056703302604499406e+00 1.196579882271228357e+00
nan nan nan nan nan nan nan nan nan nan nan nan nan nan nan nan nan nan nan 8.501836338174049157e-01 1.040126402287315788e+00 1.217831015419316820e+00 1.043860622380604841e+00 1.032652625094084176e+00
nan nan nan nan nan nan nan nan nan nan nan nan nan nan nan nan nan nan nan nan 8.489676741401057658e-01 1.040592748664925349e+00 1.207480446125696716e+00 1.031321516107458702e+00
nan nan nan nan nan nan nan nan nan nan nan nan nan nan nan nan nan nan nan nan nan 8.446238358554252201e-01 1.010026478492661361e+00 1.213622720377542930e+00
nan nan nan nan nan nan nan nan nan nan nan nan nan nan nan nan nan nan nan nan nan nan 8.306692129202222219e-01 1.034864375673604009e+00
nan nan nan nan nan nan nan nan nan nan nan nan nan nan nan nan nan nan nan nan nan nan nan 8.277278069225588730e-01
