4.062116847528041141e-02 4.709609012912308046e-02 5.419296221348712805e-02 6.281297485172854245e-02 7.295439477841081377e-02 8.476906411724693946e-02 9.820511650386221092e-02 1.135751363020880422e-01 1.315051671658553634e-01 1.520130107100072792e-01 1.756479717201280266e-01 2.028032032199054147e-01 2.335129396475472685e-01 2.681414647602231582e-01 3.074054218729980192e-01 3.520597618401286599e-01 4.035221177609908949e-01 4.631381998592891680e-01 5.313563232072746612e-01 6.084314739630898305e-01 6.950661402741897810e-01 7.929275785748413075e-01 9.041956476870398607e-01 1.025783170284786383e+00
nan 4.135193874076126264e-02 4.768091727037138128e-02 5.591125987807399333e-02 6.575318790737627594e-02 7.737285855776354637e-02 9.108541407318715422e-02 1.066720887112786453e-01 1.251245089424410928e-01 1.466796471994700202e-01 1.716000940736175373e-01 2.005987526982182523e-01 2.343388218948943003e-01 2.732400505506291655e-01 3.167793611305185220e-01 3.665806738146160093e-01 4.235513537604942425e-01 4.923325922259889076e-01 5.735907907994362009e-01 6.675860755742080155e-01 7.748518821158236758e-01 8.959847572544108463e-01 1.030176850215219986e+00 1.187699801295730495e+00
nan nan 4.841703402901553766e-02 5.609910534639395152e-02 6.567711078043814155e-02 7.718062569367645231e-02 9.071560010588175516e-02 1.063172284000417633e-01 1.252981334171754391e-01 1.476944389667458335e-01 1.732813853227443968e-01 2.036339238032827126e-01 2.392004668858214167e-01 2.803922673132481780e-01 3.286633003376391304e-01 3.859714285105444453e-01 4.541869361380870274e-01 5.344347568182425956e-01 6.284012855905771744e-01 7.381136991204553244e-01 8.654217819489380403e-01 1.011305006759704028e+00 1.179538468809490759e+00 1.376796468013002706e+00
nan nan nan 6.503722614428775195e-02 7.571029190283695698e-02 8.885864871184567804e-02 1.047784447697683863e-01 1.234075034483150812e-01 1.451256297265139938e-01 1.713287807217696024e-01 2.006111352330870456e-01 2.348642544795365161e-01 2.759369691755271248e-01 3.239320704906565318e-01 3.806735568777197543e-01 4.477964222801482652e-01 5.277011033082936731e-01 6.223272537594164433e-01 7.337554647471218328e-01 8.619225655334945557e-01 1.008090669735386413e+00 1.177205688403548667e+00 1.377225172563409927e+00 1.616329932590360396e+00
nan nan nan nan 8.523074705761723990e-02 9.921098760430613339e-02 1.166515607458449288e-01 1.374129357798066220e-01 1.613748844355278322e-01 1.904419380088850922e-01 2.242769331882428219e-01 2.634150252244060741e-01 3.111433909734084846e-01 3.672152222868332316e-01 4.325970189479078076e-01 5.084192485888290314e-01 6.007451687428770892e-01 7.120063224142572089e-01 8.443584987009113973e-01 9.977574967340152590e-01 1.174133163283637593e+00 1.377592506506730263e+00 1.618901007894674837e+00 1.877206857257743611e+00
nan nan nan nan nan 1.113590877478007890e-01 1.302410506418598679e-01 1.540725417485109272e-01 1.823210917666051589e-01 2.155464632620998078e-01 2.554971163529466960e-01 3.005057133549045023e-01 3.533768522610383211e-01 4.169082913888333408e-01 4.916620912997953230e-01 5.792852969604906921e-01 6.846371850994659169e-01 8.137784091228645877e-01 9.693013778062580243e-01 1.153646800031046471e+00 1.366689358785583508e+00 1.613614003098419403e+00 1.877147298166807587e+00 2.194913262522888875e+00
nan nan nan nan nan nan 1.412962031447564382e-01 1.664809692570845545e-01 1.981767182922697934e-01 2.353010810749500692e-01 2.797293185416578343e-01 3.327016959103921145e-01 3.943004105180962782e-01 4.680975055556060305e-01 5.549108471245316476e-01 6.567804128629948224e-01 7.773041280924550822e-01 9.265271879417100731e-01 1.107840269704135405e+00 1.325895882722762043e+00 1.579746632113200544e+00 1.870317856909389675e+00 2.195599191510912096e+00 2.560992615468316913e+00
nan nan nan nan nan nan nan 1.841985094123579358e-01 2.178754939839897542e-01 2.598681566366574103e-01 3.085455786361199770e-01 3.683304753641747364e-01 4.373192684883906445e-01 5.187913836733317741e-01 6.175565221433663154e-01 7.344765336893590568e-01 8.725387116869685045e-01 1.040743187860120766e+00 1.246281089344564386e+00 1.497626350877940826e+00 1.796854880200231097e+00 2.145122708671089118e+00 2.540069251571154929e+00 2.978469981769833907e+00
nan nan nan nan nan nan nan nan 2.496207783291879423e-01 2.957036624703814898e-01 3.523845329489594391e-01 4.180686439633882756e-01 4.993354300408097135e-01 5.891427897924688128e-01 6.984671728269313817e-01 8.285052030225978914e-01 9.787508009778140838e-01 1.157266596544681114e+00 1.381443777225796143e+00 1.658338280387540831e+00 1.996856280418577878e+00 2.388144299746677746e+00 2.825294679717323287e+00 3.306535719435600207e+00
nan nan nan nan nan nan nan nan nan 3.456602911410833201e-01 4.084755397031119006e-01 4.863395981266223078e-01 5.754490286614020178e-01 6.839075860655621231e-01 6.251342094720189202e-01 7.392889605062860081e-01 8.591421196579474007e-01 9.881233586831630333e-01 1.167912476011829348e+00 1.394509732604541252e+00 1.677530326573126729e+00 2.009936752586794384e+00 2.390557396990826255e+00 2.826113957599305060e+00
nan nan nan nan nan nan nan nan nan nan 3.785494288764414961e-01 4.471521614840168191e-01 5.298076110467999644e-01 6.279583808877622353e-01 7.392550473904389019e-01 6.331259150335335484e-01 7.402214398479320945e-01 8.601271602681643813e-01 9.819669858052673117e-01 1.168026175085366436e+00 1.396308912354619736e+00 1.678695795832458426e+00 2.010115889311574922e+00 2.390656372859836676e+00
nan nan nan nan nan nan nan nan nan nan nan 4.414104857265970239e-01 5.219217389970858267e-01 6.165401906180825176e-01 7.302174350589454299e-01 6.284909723202245502e-01 6.511941806569132574e-01 7.537402281765166467e-01 8.459244064329614066e-01 9.800216061609370310e-01 1.167999093368001340e+00 1.401952195337481388e+00 1.680100777333010775e+00 2.009767882079339874e+00
nan nan nan nan nan nan nan nan nan nan nan nan 4.477942472379823347e-01 5.284012662034618391e-01 6.220083714818462894e-01 7.327343485889152852e-01 6.242369725667193947e-01 7.327373771313094863e-01 8.456835479986066773e-01 8.289585921568742855e-01 9.786865570516616319e-01 1.167945708538381755e+00 1.402177504091658200e+00 1.677694878303036319e+00
nan nan nan nan nan nan nan nan nan nan nan nan nan 4.524093331171252785e-01 5.318664561276553737e-01 6.234289818161320440e-01 7.333669537815283856e-01 6.263027066249089447e-01 7.319618240774434792e-01 8.349915459779395643e-01 8.253616004418340424e-01 9.780041835194350774e-01 1.168005219774738368e+00 1.402311048609977462e+00
nan nan nan nan nan nan nan nan nan nan nan nan nan nan 4.533450928619287001e-01 5.336770110696784641e-01 6.237870913889844715e-01 7.318497804756525227e-01 6.281404671261854311e-01 7.126098828100686511e-01 7.149858234286379233e-01 8.215872869864999650e-01 9.754671927573668189e-01 1.167606339657859316e+00
nan nan nan nan nan nan nan nan nan nan nan nan nan nan nan 4.543796453101904831e-01 5.331897011903177219e-01 6.240587393592462728e-01 7.147549005431259594e-01 6.107705413368307301e-01 7.071178275870619867e-01 6.996409954340920834e-01 8.207416319731459797e-01 9.741157656001195875e-01
nan nan nan nan nan nan nan nan nan nan nan nan nan nan nan nan 4.548769771826675079e-01 5.336652265547017215e-01 6.230475957043233315e-01 7.122153113679432490e-01 6.130353835282975616e-01 7.012533223394101789e-01 6.997422401515700496e-01 8.199913490066266242e-01
nan nan nan nan nan nan nan nan nan nan nan nan nan nan nan nan nan 5.415224418125064165e-01 6.361084748270060540e-01 7.397618483032752934e-01 6.501995569394591890e-01 7.246134029231978690e-01 8.198290714609106633e-01 6.984724840754708008e-01
nan nan nan nan nan nan nan nan nan nan nan nan nan nan nan nan nan nan 5.435478754363254339e-01 6.369695134255926039e-01 7.402058969394234023e-01 6.466750386239077386e-01 7.404807454765420793e-01 8.000967580998037398e-01
nan nan nan nan nan nan nan nan nan nan nan nan nan nan nan nan nan nan nan 5.422246094645093439e-01 6.369974603441399541e-01 7.414638356986045231e-01 6.389858821775022957e-01 7.250167502684139453e-01
nan nan nan nan nan nan nan nan nan nan nan nan nan nan nan nan nan nan nan nan 5.426563009338660759e-01 6.367964564210770728e-01 7.446335000746051591e-01 6.415012790043757018e-01
nan nan nan nan nan nan nan nan nan nan nan nan nan nan nan nan nan nan nan nan nan 5.460579952241915169e-01 6.348616308477250669e-01 7.433348335627074643e-01
nan nan nan nan nan nan nan nan nan nan nan nan nan nan nan nan nan nan nan nan nan nan 5.375749845366215585e-01 6.348438246769783078e-01
nan nan nan nan nan nan nan nan nan nan nan nan nan nan nan nan nan nan nan nan nan nan nan 5.316919326482267838e-01
