1.232940330053499123e-01 1.446670757442040101e-01 1.687320745178136905e-01 1.980902875319362488e-01 2.326188087108057578e-01 2.722292107237712644e-01 3.166729254784025338e-01 3.679996941218096618e-01 4.258499496344260171e-01 4.853158347001195194e-01 4.302764044494892248e-01 4.904137257980064613e-01 5.502989132194006094e-01 6.157903579986833131e-01 6.911295154348185976e-01 7.781439552654633163e-01 8.699169653768398236e-01 9.727463833809467664e-01 1.090292317650672693e+00 1.219553815406192676e+00 1.360808486117046190e+00 1.517515846639978960e+00 1.690359092557979448e+00 1.874863685477114572e+00
nan 1.312086281212249128e-01 1.534679876798347165e-01 1.807096074427477772e-01 2.134486193385899400e-01 2.528416950237876160e-01 2.962064270057432891e-01 3.447470262297575028e-01 4.061586242823512771e-01 4.724915456056989482e-01 4.176357911913480825e-01 4.832160684627463398e-01 5.554737670649693149e-01 5.789610833508104237e-01 6.498025401962300718e-01 7.397354724511379098e-01 8.456822237300000156e-01 9.677716748540469149e-01 1.106830885738121939e+00 1.264978629877445471e+00 1.446141723349432695e+00 1.650491948867611747e+00 1.880161633212598105e+00 2.138058431999799947e+00
nan nan 1.326383330518184911e-01 1.551970731109492130e-01 1.836107988925289591e-01 2.173979504047497402e-01 2.562896444258536688e-01 2.964991492143221885e-01 3.507461050012447012e-01 4.130522314052041954e-01 3.620776523532881486e-01 4.204886737301750665e-01 4.881239932284847649e-01 5.528143836928794963e-01 6.288195625036675507e-01 7.254625901902697072e-01 8.448346913544876324e-01 9.843841391666660057e-01 1.147222145997520482e+00 1.336510806273599972e+00 1.555591401556270181e+00 1.808424879798027352e+00 2.098999204818545739e+00 2.426872770758264242e+00
nan nan nan 1.393937222901983075e-01 1.629521236516749960e-01 1.927025671717489397e-01 2.279305788751092576e-01 2.676082848003703551e-01 3.137684097788674409e-01 3.707442119144369608e-01 3.771015083862102601e-01 4.345995318377408045e-01 5.087660818659905937e-01 5.929655038782063459e-01 6.909878724533539129e-01 8.085030265648570635e-01 9.513724984775938642e-01 1.121541897795207188e+00 1.322114896999767808e+00 1.549211242722355664e+00 1.803639378014969985e+00 2.094836051318737624e+00 2.426233029727831614e+00 2.798428205277407876e+00
nan nan nan nan 1.431596518964964870e-01 1.678758035396982207e-01 1.987170848994855854e-01 2.351045409753519388e-01 2.775900075285838708e-01 3.287818829850827074e-01 3.883141917572897617e-01 4.565767381018891458e-01 5.401544301313608853e-01 6.384413180211890859e-01 7.531757573619509705e-01 8.858791644461624371e-01 1.049676652752466133e+00 1.248909733558137169e+00 1.487274922996994597e+00 1.762671426367226069e+00 2.075404224512324536e+00 2.425771369654284193e+00 2.802963604854202817e+00 3.232381578342727213e+00
nan nan nan nan nan 1.808874585787426659e-01 2.128860512962166274e-01 2.529544910625117771e-01 3.007404485917776205e-01 3.566615741964554998e-01 4.243195592660261584e-01 5.009095488759375270e-01 5.907117010734951323e-01 6.982441481605531353e-01 8.246884096527867802e-01 9.738180206081631374e-01 1.154122883652144438e+00 1.376832577605313190e+00 1.646912703866996175e+00 1.969112603004599560e+00 2.341283635245739347e+00 2.767428633625746759e+00 3.235727980968636341e+00 3.738456085540553975e+00
nan nan nan nan nan nan 1.976210042225353680e-01 2.343195811261159500e-01 2.805215439533593758e-01 3.349940100201415083e-01 4.003792954802135595e-01 4.784054905219671250e-01 5.692278412046164471e-01 6.781986148009701010e-01 8.074413364322429176e-01 9.607464510408464387e-01 1.143752763560136998e+00 1.370113028457714766e+00 1.645877898665323080e+00 1.979048724272663762e+00 2.370087060477880758e+00 2.823653843608412206e+00 3.344489659062244602e+00 3.925990338925046341e+00
nan nan nan nan nan nan nan 2.263263724033736102e-01 2.689119709998729624e-01 3.220351910712214716e-01 3.842030493624229992e-01 4.603923366190437738e-01 5.489819253348936501e-01 6.538799384214465382e-01 7.811819845686865937e-01 9.331271250321936384e-01 1.114138034548124434e+00 1.334691233608306771e+00 1.604369633302647813e+00 1.934466287417214048e+00 2.328851489455585622e+00 2.790555039753188193e+00 3.320777083954860043e+00 3.922569224911900410e+00
nan nan nan nan nan nan nan nan 2.759639609640672786e-01 3.276176199302270886e-01 3.910624728958148610e-01 4.642489567619042523e-01 5.542827858695561494e-01 6.500866440507847566e-01 7.670487950604457650e-01 9.036875214039948867e-01 1.059170733172623891e+00 1.243551236477274724e+00 1.483941284979434894e+00 1.781127616643237044e+00 2.142171714121916093e+00 2.559506757025867607e+00 3.027151671541731925e+00 3.554536792308881754e+00
nan nan nan nan nan nan nan nan nan 3.851481653768474844e-01 4.563603092791662652e-01 5.443893834807619347e-01 6.448355175849075360e-01 7.668486153620136525e-01 7.291641173864037428e-01 8.639868565300220515e-01 9.973876060093459506e-01 1.055257090865198144e+00 1.243937278459855911e+00 1.485570041031676780e+00 1.786617726413361584e+00 2.145924920407493275e+00 2.559659563671933480e+00 3.030570878785171729e+00
nan nan nan nan nan nan nan nan nan nan 4.505650579755356988e-01 5.331530310416149332e-01 6.319321950517949871e-01 7.477046839963777947e-01 8.632714968963174362e-01 7.403100524371638569e-01 8.625940874707710426e-01 1.000037127282161542e+00 1.046545666725243073e+00 1.243421833019183076e+00 1.491568062890028745e+00 1.791976177232572187e+00 2.146244274581728284e+00 2.556400871603114133e+00
nan nan nan nan nan nan nan nan nan nan nan 4.888522172304311519e-01 5.784617815956673015e-01 6.857791542060954759e-01 8.140778948672370285e-01 7.038512156857444912e-01 7.476414714847657850e-01 8.650458335691700862e-01 9.009406549118480489e-01 1.040483701698313723e+00 1.243152983339279594e+00 1.491126697771486764e+00 1.795389811740901731e+00 2.144151309160765795e+00
nan nan nan nan nan nan nan nan nan nan nan nan 5.014083316007093005e-01 5.929604196755807743e-01 6.994665531826828042e-01 8.251293994049094804e-01 7.073692791608919839e-01 8.308218746193970494e-01 9.658396722898260345e-01 8.807496760256138257e-01 1.039583498593530386e+00 1.245596766007516454e+00 1.491191872658566009e+00 1.795425054612005855e+00
nan nan nan nan nan nan nan nan nan nan nan nan nan 5.097129113832760128e-01 6.005316891226007980e-01 7.050920229466698386e-01 8.299912266081937995e-01 7.089155928528202422e-01 8.284850261358908119e-01 9.329935049157452864e-01 8.755245182651435476e-01 1.039105188122937395e+00 1.242037202948282015e+00 1.492265709128781648e+00
nan nan nan nan nan nan nan nan nan nan nan nan nan nan 5.105479321744151866e-01 6.033737409220786274e-01 7.087325358746058290e-01 8.300664103051061948e-01 7.100589805663325427e-01 7.966154032532218876e-01 7.593322641382250771e-01 8.738373011789853928e-01 1.038610173211985455e+00 1.240053271788706724e+00
nan nan nan nan nan nan nan nan nan nan nan nan nan nan nan 5.123853824046126215e-01 6.044822613452619509e-01 7.104446609745301844e-01 7.999426372541483810e-01 6.813145144848297141e-01 7.966802372106763785e-01 7.444564520407356278e-01 8.738757726608502585e-01 1.038033260580229378e+00
nan nan nan nan nan nan nan nan nan nan nan nan nan nan nan nan 5.138900857236891051e-01 6.056230687855960193e-01 7.111855655433808598e-01 7.977398119174160529e-01 6.924753886193099062e-01 7.950971505741294409e-01 7.451666891763372158e-01 8.732524773037458887e-01
nan nan nan nan nan nan nan nan nan nan nan nan nan nan nan nan nan 5.671958924497867427e-01 6.676851172142573843e-01 7.833544491223080053e-01 7.960281006129011905e-01 7.665207012199587444e-01 8.622715072262115976e-01 7.422187394506006841e-01
nan nan nan nan nan nan nan nan nan nan nan nan nan nan nan nan nan nan 6.665736410210584273e-01 7.839057109860593231e-01 9.148064664181717598e-01 7.875547411124984576e-01 8.805723474536174544e-01 8.001798269379248874e-01
nan nan nan nan nan nan nan nan nan nan nan nan nan nan nan nan nan nan nan 6.659340453567931251e-01 7.852736372518106522e-01 9.154060610461379754e-01 7.836317982226231882e-01 6.971981090885815968e-01
nan nan nan nan nan nan nan nan nan nan nan nan nan nan nan nan nan nan nan nan 6.661453469524357685e-01 7.852625706385097937e-01 9.155637395496821762e-01 7.875987668261165142e-01
nan nan nan nan nan nan nan nan nan nan nan nan nan nan nan nan nan nan nan nan nan 6.707762779603468895e-01 7.773570949838567445e-01 9.143906521394621345e-01
nan nan nan nan nan nan nan nan nan nan nan nan nan nan nan nan nan nan nan nan nan nan 6.554724844102849390e-01 7.773053999848972273e-01
nan nan nan nan nan nan nan nan nan nan nan nan nan nan nan nan nan nan nan nan nan nan nan 6.486040412220498430e-01
