2.497993308039537785e-01 3.037984745692997590e-01 3.625434229113254636e-01 4.316522730801356511e-01 5.119024023473696117e-01 6.037223378853161515e-01 7.062258924690011375e-01 8.222573593501733002e-01 9.540366783549424357e-01 8.760115709943451234e-01 7.793013602498873871e-01 8.142858717497668541e-01 8.613071916588993515e-01 7.524314185507469110e-01 8.520217177184686852e-01 9.444788909270899202e-01 1.039572388228926947e+00 1.131390697466850614e+00 1.243936556709410279e+00 1.328736932107961621e+00 1.439901697667265612e+00 1.498693462927941589e+00 1.345388768225898257e+00 1.281489295224837566e+00
nan 2.586467945243383637e-01 3.047052905356045782e-01 3.628972278113654637e-01 4.326274180480261800e-01 5.138102281950510664e-01 6.043180571455061267e-01 7.089913736736083161e-01 8.419120778962329021e-01 9.779003958986413059e-01 8.708516879960973567e-01 7.953216509345154561e-01 9.014434055184993300e-01 8.268099522210817787e-01 7.704977162678759983e-01 8.611095374220251175e-01 9.679548302586730157e-01 1.092715883470117166e+00 1.232483425883688533e+00 1.391734261697673780e+00 1.545850010892413362e+00 1.577875917884732804e+00 1.424944979528957933e+00 1.363590901508058728e+00
nan nan 2.573824200567372822e-01 3.048897022522566447e-01 3.644754856240314256e-01 4.350805908657527921e-01 5.161977769602626998e-01 5.999914648009988527e-01 7.122434312797650824e-01 8.440865571721257732e-01 7.479903704151048549e-01 6.871964248586454049e-01 7.927075392036638801e-01 7.125431090253667721e-01 7.599333746285020785e-01 8.712276845158465344e-01 1.010494148832134176e+00 1.172552982176489511e+00 1.360446743603000996e+00 1.571341997790377309e+00 1.705954741541860109e+00 1.683500882461247183e+00 1.550833737339829987e+00 1.524975735955293565e+00
nan nan nan 2.973461022012665600e-01 3.509526696116439526e-01 4.183261535454508850e-01 4.971475515384352617e-01 5.829931392197059692e-01 6.845542191695234147e-01 8.129729003021152201e-01 7.016356163315965455e-01 6.362410420066192396e-01 7.380001546723510275e-01 7.386134578618427371e-01 8.471224763460128981e-01 9.815664129380216041e-01 1.146584542217596425e+00 1.341814784591262022e+00 1.571522948681984833e+00 1.813185888468676676e+00 1.934987236115882858e+00 1.884062572361801635e+00 1.722176375088045663e+00 1.611525329137320384e+00
nan nan nan nan 3.043548766897820057e-01 3.598202807332341324e-01 4.282085642749097198e-01 5.072922964228970821e-01 5.902717490721568483e-01 6.970859084239758863e-01 7.997503716137918106e-01 6.964061822619723729e-01 7.482853266347756493e-01 8.473624826693723078e-01 9.736309826313190863e-01 9.136139434820139682e-01 1.067712188408482810e+00 1.259178001341008102e+00 1.490299640995982333e+00 1.754418604597154374e+00 2.041691557226354981e+00 2.179774633553798413e+00 1.972809917000608149e+00 1.802206738498120853e+00
nan nan nan nan nan 3.835003139383054149e-01 4.560358156981169087e-01 5.458494907842957877e-01 6.510735996580258034e-01 7.727195059788708464e-01 9.191192308454859683e-01 8.143029955206079196e-01 7.103881503605159464e-01 8.189694130672936501e-01 8.516512689366094735e-01 9.859612394938707114e-01 1.152350974508983938e+00 1.362842026027522024e+00 1.618709705993279346e+00 1.922799001887404380e+00 2.261427056229341481e+00 2.542161504336074351e+00 2.285559605956620555e+00 2.076898275123993276e+00
nan nan nan nan nan nan 3.816657896515557313e-01 4.565156113908334090e-01 5.480403033719770667e-01 6.532128723536391179e-01 7.769495726977192485e-01 9.204071896972317868e-01 8.181347832890356608e-01 9.410126628190685905e-01 8.298297247846576630e-01 9.435055025460917788e-01 1.064207656547183856e+00 1.256373818898089301e+00 1.493441511625288598e+00 1.781902217314808468e+00 2.115722387525158066e+00 2.489639210995707064e+00 2.663216871136808717e+00 2.418275313699411733e+00
nan nan nan nan nan nan nan 4.061649711861198275e-01 4.847901776700597187e-01 5.813908570805025322e-01 6.869352888025422876e-01 8.187064970318288504e-01 9.035381072447735695e-01 8.037591929597781570e-01 9.411886589809240755e-01 1.083441607946404428e+00 1.035971704869399712e+00 1.216721260711669750e+00 1.442660555229879904e+00 1.724570328335496061e+00 2.061237089044197557e+00 2.452088499814936373e+00 2.886272696463323406e+00 2.830364625817342272e+00
nan nan nan nan nan nan nan nan 4.456145146471489626e-01 5.321014032289342888e-01 6.376949058565138939e-01 7.571800667432565524e-01 9.050789465875800355e-01 9.252737347758362985e-01 1.078890982561935274e+00 1.255324469751878169e+00 1.104391336917724953e+00 1.053220906105682086e+00 1.243575118095740617e+00 1.481499425279332538e+00 1.774448188993118514e+00 2.117151736801714090e+00 2.508058401129384052e+00 2.948835217508047890e+00
nan nan nan nan nan nan nan nan nan 5.114900189242180817e-01 6.085114495010023328e-01 7.279018342074156100e-01 8.624060424450311624e-01 1.026626492511113486e+00 1.019201443529001772e+00 1.205241841612477938e+00 1.112767444107497727e+00 9.454234822431984986e-01 1.098885033161549174e+00 1.291298510521813991e+00 1.537623529153315349e+00 1.833890585433699538e+00 2.164927901659488008e+00 2.547107002406419074e+00
nan nan nan nan nan nan nan nan nan nan 5.999605544932208323e-01 7.141017330426785437e-01 8.525547460887673568e-01 1.016667725032848413e+00 1.203595412818811550e+00 1.037866466212260086e+00 1.033398991301263337e+00 1.102850838611648676e+00 9.322318664883656458e-01 1.100163764160003499e+00 1.295397086770128325e+00 1.545133940567554820e+00 1.837812853492127640e+00 2.166112412895067063e+00
nan nan nan nan nan nan nan nan nan nan nan 6.132477835042248193e-01 7.282225664358822348e-01 8.660379616027454874e-01 1.030239830481201491e+00 8.981598893993564259e-01 9.102336342980180683e-01 9.947879246181371427e-01 1.103160454863444606e+00 1.086216422373775803e+00 1.287846997231941959e+00 1.538040275956099823e+00 1.839066794376045255e+00 2.175282162102658123e+00
nan nan nan nan nan nan nan nan nan nan nan nan 6.350170976983423587e-01 7.530608497500482779e-01 8.912160751477081755e-01 1.052150044916114524e+00 9.696691344068887330e-01 1.136659579050113944e+00 1.088056159582869498e+00 9.332281875690245920e-01 1.094459711010502989e+00 1.298620803435359239e+00 1.550842749134600851e+00 1.845137270631744375e+00
nan nan nan nan nan nan nan nan nan nan nan nan nan 6.418748911075337071e-01 7.581836607767115099e-01 8.932971444888183621e-01 1.054685527328866446e+00 9.753886927905351945e-01 1.131463775780357839e+00 1.086072340065894704e+00 9.267734704783937572e-01 1.095481787691142461e+00 1.302106023540430257e+00 1.554853704297038952e+00
nan nan nan nan nan nan nan nan nan nan nan nan nan nan 6.748010430218015498e-01 8.015784193241902722e-01 9.525571577027914794e-01 1.116362485730559850e+00 9.735575277049165477e-01 9.640648810914592692e-01 8.198825342180323661e-01 9.296993750181073990e-01 1.095614324817004270e+00 1.302226095139527917e+00
nan nan nan nan nan nan nan nan nan nan nan nan nan nan nan 6.761806261187927047e-01 8.018992196887965163e-01 9.525689474610222751e-01 9.747868563907787776e-01 8.342575530163923725e-01 9.584432282599736341e-01 8.255661244123645437e-01 9.312227676717405034e-01 1.095742695011734824e+00
nan nan nan nan nan nan nan nan nan nan nan nan nan nan nan nan 6.775471896552037743e-01 8.019886485558590516e-01 9.320972006506039742e-01 9.615859019358020676e-01 8.450204494031107183e-01 9.589729548028577133e-01 1.092067288214228160e+00 9.307325727095631107e-01
nan nan nan nan nan nan nan nan nan nan nan nan nan nan nan nan nan 6.777192947233182663e-01 8.013643513930778228e-01 9.382290143419208528e-01 9.583725023482164707e-01 1.099417241081552810e+00 1.271236303195229844e+00 1.091204459033249030e+00
nan nan nan nan nan nan nan nan nan nan nan nan nan nan nan nan nan nan 7.038854907937152072e-01 8.287915202843681994e-01 9.693732997554770359e-01 9.848118805408802023e-01 1.149191041232592525e+00 1.276097455288616622e+00
nan nan nan nan nan nan nan nan nan nan nan nan nan nan nan nan nan nan nan 8.307161488340847333e-01 9.849043115971715112e-01 1.149259831625276451e+00 9.817345847422264127e-01 1.111045214285875993e+00
nan nan nan nan nan nan nan nan nan nan nan nan nan nan nan nan nan nan nan nan 8.318870813180817558e-01 9.848816742088574161e-01 1.077739094546778631e+00 9.573805816388726297e-01
nan nan nan nan nan nan nan nan nan nan nan nan nan nan nan nan nan nan nan nan nan 8.359743194235905728e-01 8.980386188638062039e-01 1.054383043198628744e+00
nan nan nan nan nan nan nan nan nan nan nan nan nan nan nan nan nan nan nan nan nan nan 7.553300900128162576e-01 8.975757489246730669e-01
nan nan nan nan nan nan nan nan nan nan nan nan nan nan nan nan nan nan nan nan nan nan nan 7.481020276603057573e-01
