2.089745653594433650e-01 2.609070099313882674e-01 3.259238869387975912e-01 4.072467924346353518e-01 5.088753831095705893e-01 6.358315671471305164e-01 7.942350314982363768e-01 9.917332717498280603e-01 1.238094292042961619e+00 1.060146765740034969e+00 9.174186511827365775e-01 1.083860088365050434e+00 1.346654189564874482e+00 1.079055766650521608e+00 1.161595928403567513e+00 1.247894719667077101e+00 1.149757135676085618e+00 1.214830242260994897e+00 1.317574364013293753e+00 1.421782111518622216e+00 1.298388887948471293e+00 1.384624987897169035e+00 1.391231692438800849e+00 1.734532154140999705e+00
nan 2.548860172880683672e-01 3.184868907253467496e-01 3.981005892616739095e-01 4.974903458880083340e-01 6.100960680112214041e-01 7.617711493517503873e-01 7.947052242839683922e-01 9.930102886109827276e-01 1.239879366576250419e+00 1.063465751729455011e+00 1.038669600827519357e+00 1.294564213800338148e+00 1.110601011249159331e+00 1.026011228606150016e+00 1.259773330565332916e+00 1.097458886077622431e+00 1.249201877871665367e+00 1.368291003524919169e+00 1.455770322757237167e+00 1.167771449357831504e+00 1.457422696513367644e+00 1.436534348071959233e+00 1.476569026083952796e+00
nan nan 3.916154554626417594e-01 4.891031415208949573e-01 6.079219141424049289e-01 7.598732016851402760e-01 9.442087056362423736e-01 7.559274358355253520e-01 8.204850008897520697e-01 1.024837302631945501e+00 8.517623555145840131e-01 8.320738586765173972e-01 1.037795154753431426e+00 8.904349300114829946e-01 8.229623605487109694e-01 1.012514384926930244e+00 1.260206693587831772e+00 1.555931151030329751e+00 1.700799527850461512e+00 1.478495981325500974e+00 1.458068385376414700e+00 1.490107024096003485e+00 1.231126640390129534e+00 1.432855355244821105e+00
nan nan nan 3.967443880953022139e-01 4.947653718693617586e-01 6.182327245736803922e-01 7.716842457917073572e-01 7.207763978173425956e-01 8.336339164193883322e-01 1.041756774510283812e+00 8.463485424546476343e-01 8.499663586353457534e-01 1.060792633799396700e+00 8.927188136423255260e-01 9.591812407202234825e-01 1.059890847709285211e+00 1.260232730235964826e+00 1.570175467667216385e+00 1.613909088002543957e+00 1.293313353128154208e+00 1.472596942764683892e+00 1.378078147197770775e+00 1.181440132997209069e+00 1.465741236771718636e+00
nan nan nan nan 4.606857294531222502e-01 5.761864074295198757e-01 7.206574017769086238e-01 9.001388901772052753e-01 9.717867391499469543e-01 1.214028655419924885e+00 9.895059730742871151e-01 8.942611312909655163e-01 9.104728114686643226e-01 8.997986545077002463e-01 1.122650182156556653e+00 9.719446115894848637e-01 1.014337489891961042e+00 1.266073203023656557e+00 1.581226985861658996e+00 1.470402684077249056e+00 1.177609347292478237e+00 1.470993353886482780e+00 1.469991592813915116e+00 1.825013669718897891e+00
nan nan nan nan nan 4.849566564419197645e-01 6.060617764649630645e-01 7.569425851691092832e-01 7.916720839128205123e-01 9.889786724837587029e-01 1.235868575577293349e+00 1.116590782342099963e+00 1.130180701652629516e+00 9.987603135468329230e-01 9.086183670261672729e-01 1.015912702784237620e+00 9.138318001662416590e-01 1.104552967882262760e+00 1.273962252272156093e+00 1.590819061496008491e+00 1.356503654578052664e+00 1.686304269811440992e+00 1.829518554652983298e+00 2.272107976920083150e+00
nan nan nan nan nan nan 4.849642534952470774e-01 6.059694057200829542e-01 6.341321372204086204e-01 7.920440708240926719e-01 9.895991978721651039e-01 1.236320989519208879e+00 1.409903622053998440e+00 1.232217585803187188e+00 9.965254406044695701e-01 8.170823739775060490e-01 9.407259238289144010e-01 1.174295903043454992e+00 1.020629189978052409e+00 1.274723157790656369e+00 1.086100577699377290e+00 1.358624719816761139e+00 1.591101542993971218e+00 1.986948637566907205e+00
nan nan nan nan nan nan nan 5.733646515299534174e-01 7.170133634421828051e-01 8.960244548660450947e-01 7.936437834013506665e-01 9.918900080507334627e-01 1.129616216123870753e+00 9.868225379778089446e-01 9.413643123767055920e-01 1.009541457685310117e+00 9.590727176006003107e-01 1.197656919950038645e+00 1.039701868891086178e+00 1.298647702224430489e+00 1.356518923151415201e+00 1.594740351163865366e+00 1.277065734578847866e+00 1.590338448181890296e+00
nan nan nan nan nan nan nan nan 5.735816514781272302e-01 7.170812940379190925e-01 7.805706615131186021e-01 9.750986644080484878e-01 1.218861328705697744e+00 1.027738454518145605e+00 1.128712011906917834e+00 1.260244905794261072e+00 1.195914559821843248e+00 1.001563322724100757e+00 1.202150644668838364e+00 1.265766377280504340e+00 1.581317659705247181e+00 1.282130639680040929e+00 1.026640341209431373e+00 1.280772154586080180e+00
nan nan nan nan nan nan nan nan nan 6.430138392672423153e-01 8.034595817732127498e-01 1.003922129774337701e+00 1.015304152592309439e+00 1.268747370324297297e+00 1.026828378150344445e+00 1.282517904182737478e+00 1.043223397253883800e+00 9.056725893086668977e-01 1.000853163172304772e+00 1.249216100786904704e+00 1.265792966913136919e+00 1.581409742592409184e+00 1.282072968536957180e+00 1.599024963396816101e+00
nan nan nan nan nan nan nan nan nan nan 6.432113198768055762e-01 8.036044738539972476e-01 9.770713624250416673e-01 1.220419171078751308e+00 1.282914125550472573e+00 1.228575170071783962e+00 1.006230086938216139e+00 1.130007984603726534e+00 9.452963350375386264e-01 1.179969519855755156e+00 1.013439524781611034e+00 1.266038870617181900e+00 1.581719480345527007e+00 1.316847702490169247e+00
nan nan nan nan nan nan nan nan nan nan nan 6.432174444271673286e-01 7.949557026866876930e-01 9.932442983130628233e-01 1.241044121888601914e+00 9.947882966030635599e-01 1.242176617023303731e+00 1.005685476197143657e+00 1.180008891251978387e+00 9.451780642165868995e-01 9.866515881776721786e-01 1.213714120562987109e+00 1.317235315701353215e+00 1.054621411576895262e+00
nan nan nan nan nan nan nan nan nan nan nan nan 6.367212949407566880e-01 7.956439454880995799e-01 9.941913499780153929e-01 1.242146702222276744e+00 1.005205206880731339e+00 1.255499979774859387e+00 1.117160719536204105e+00 9.150334032947436969e-01 8.266997632099898352e-01 9.717979963512372032e-01 1.213958863422205603e+00 1.317234626114685447e+00
nan nan nan nan nan nan nan nan nan nan nan nan nan 6.370036240791391302e-01 7.958835628952779517e-01 9.943634819967824834e-01 1.242164927876029168e+00 1.026651508430737714e+00 1.253354916743508518e+00 1.100402500319602073e+00 8.816025692981394046e-01 1.010971605443102828e+00 1.262121282893505558e+00 1.576983091099246614e+00
nan nan nan nan nan nan nan nan nan nan nan nan nan nan 6.376409308109828311e-01 7.967835046296060098e-01 9.955330726691745680e-01 1.243613768960822874e+00 1.004131643092466497e+00 8.918128190038384639e-01 1.024342142496218244e+00 8.207601744201417082e-01 1.010924450954953091e+00 1.262197227798572463e+00
nan nan nan nan nan nan nan nan nan nan nan nan nan nan nan 6.378402718050820708e-01 7.969405074972516489e-01 9.956182596831787412e-01 1.238050708188358939e+00 9.915504456742559869e-01 1.076096428166104957e+00 8.644927813492694346e-01 8.203091938772616443e-01 1.010662586581035693e+00
nan nan nan nan nan nan nan nan nan nan nan nan nan nan nan nan 7.325290269885721406e-01 9.149779609889304721e-01 1.141880270715404322e+00 1.237913431162789735e+00 1.040716082718543323e+00 9.763394302199909225e-01 1.023816743686084330e+00 8.205913315074920833e-01
nan nan nan nan nan nan nan nan nan nan nan nan nan nan nan nan nan 7.327043112104624223e-01 9.150987555770072612e-01 1.000674511167533698e+00 8.720609794445614016e-01 1.007821713390732565e+00 1.258242040629333758e+00 1.023584422684938211e+00
nan nan nan nan nan nan nan nan nan nan nan nan nan nan nan nan nan nan 7.327075058642008587e-01 8.013187799697768510e-01 1.000543858868876423e+00 8.073590097923327713e-01 1.007871795352632383e+00 1.258364618467007201e+00
nan nan nan nan nan nan nan nan nan nan nan nan nan nan nan nan nan nan nan 6.414976508485435991e-01 8.013712104653277768e-01 1.000828961655251703e+00 9.943394914118018901e-01 1.241468350956516975e+00
nan nan nan nan nan nan nan nan nan nan nan nan nan nan nan nan nan nan nan nan 7.953478539171682238e-01 9.936709649803844302e-01 1.241544283008270355e+00 9.947112937588925563e-01
nan nan nan nan nan nan nan nan nan nan nan nan nan nan nan nan nan nan nan nan nan 7.954629200741719641e-01 9.935922762281931275e-01 1.231061554436761796e+00
nan nan nan nan nan nan nan nan nan nan nan nan nan nan nan nan nan nan nan nan nan nan 7.947199123545493071e-01 9.855258705750399306e-01
nan nan nan nan nan nan nan nan nan nan nan nan nan nan nan nan nan nan nan nan nan nan nan 7.886445297399228282e-01
