9.999999999999997780e-02 9.999999999999997780e-02 9.999999999999997780e-02 1.081446949140311142e-01 1.413390590073347886e-01 1.853305236732206707e-01 2.421162831256556958e-01 3.155881878740279811e-01 4.121094863001922848e-01 5.214488718422011226e-01 5.693279874059505863e-01 7.023850535546164453e-01 8.556053236469621792e-01 7.580634235918825015e-01 6.482554400192389599e-01 7.187518552998751753e-01 8.845954220855706263e-01 1.050357356003568388e+00 1.326967756704156454e+00 1.466566127895727600e+00 1.913716555883156811e+00 2.186359754119964638e+00 2.250349555661677048e+00 2.720610444807422201e+00
nan 9.999999999999997780e-02 9.999999999999997780e-02 9.999999999999997780e-02 1.142337862393690839e-01 1.504401913699912052e-01 1.957367677817131169e-01 2.387029622694288866e-01 3.159945024564289051e-01 4.144224151265319955e-01 5.211952359330404017e-01 6.822267984704925015e-01 8.838420322001997453e-01 7.955369220073301717e-01 6.149573328484861934e-01 6.467356879887394827e-01 7.128062600516648084e-01 9.072877314297530527e-01 1.156078557576096344e+00 1.404795161984358831e+00 1.820532425602274351e+00 2.173261443302268336e+00 2.347599661206521304e+00 2.502219647535696367e+00
nan nan 9.999999999999997780e-02 9.999999999999997780e-02 1.000000000002362333e-01 1.314160658132684789e-01 1.729348641620450655e-01 1.809253567432459464e-01 2.393788106027164853e-01 3.166641330563085832e-01 3.958140328487774751e-01 5.203630798042598871e-01 6.822346628670493685e-01 6.136493905111147784e-01 4.725102099603312178e-01 5.369570542137181990e-01 7.033500328580212235e-01 9.221401969352883699e-01 1.208877641851424212e+00 1.581951091259252262e+00 2.067554876398107311e+00 2.510421980283163101e+00 2.450902605156265235e+00 2.620519701501274668e+00
nan nan nan 9.999999999999997780e-02 9.999999999999997780e-02 1.009020542627475647e-01 1.327645054402523117e-01 1.406293706494144979e-01 1.835421879297486347e-01 2.430596786390674113e-01 3.029261882430583919e-01 3.960385675477294809e-01 5.221119409544635603e-01 5.330956362349760225e-01 5.229113210713906001e-01 6.837679687547669749e-01 9.010988760202595094e-01 1.190511078925767130e+00 1.574017224615003041e+00 2.068160807290568393e+00 2.684884804040284401e+00 3.208194675886431479e+00 3.060843918734760027e+00 2.506619772791147227e+00
nan nan nan nan 9.999999999999997780e-02 9.999999999999997780e-02 1.053799816541894918e-01 1.381762110179273195e-01 1.401178047101011570e-01 1.847939059953612739e-01 2.430981540539046692e-01 3.009938607792727039e-01 3.972795044677880361e-01 5.231536523734535704e-01 6.839412403924925998e-01 7.064338291319299801e-01 9.347346555653589517e-01 1.243302721741919470e+00 1.657053895592638604e+00 2.204221015695147834e+00 2.921379150751724829e+00 3.857286383142739528e+00 3.100390472221557392e+00 2.375268283809847780e+00
nan nan nan nan nan 9.999999999999997780e-02 9.999999999999997780e-02 1.068580899167986820e-01 1.384657954501843369e-01 1.795953683790020294e-01 2.372619351968930923e-01 2.389373951693006815e-01 3.070360663560828263e-01 4.021067877769809451e-01 5.245296800830415718e-01 5.982501777934866594e-01 7.870054183337366061e-01 1.046003131617685433e+00 1.394869644469080683e+00 1.861704163593491668e+00 2.476820759517233128e+00 3.282423297631245962e+00 4.074281041764095335e+00 3.106932007756138869e+00
nan nan nan nan nan nan 9.999999999999997780e-02 1.000000000003006262e-01 1.316327534919462527e-01 1.375413677386619904e-01 1.805154296473451270e-01 2.378704185979420016e-01 2.830627407235334347e-01 3.711269236944961802e-01 4.838186993746321773e-01 6.214940555539602007e-01 8.077376902091005784e-01 1.074505781453555464e+00 1.435629914322705591e+00 1.922384113243774895e+00 2.569094308327086296e+00 3.423238012145751075e+00 4.543782543618815062e+00 4.098276884530942077e+00
nan nan nan nan nan nan nan 9.999999999999997780e-02 1.000000000031538994e-01 1.321220190616799739e-01 1.441952623236583131e-01 1.906863703599653848e-01 2.477149747118331247e-01 3.097144549548950243e-01 4.085565194728911775e-01 5.388987626696880584e-01 7.103784925609116785e-01 9.434172304630882300e-01 1.259285979738041128e+00 1.687710568837316849e+00 2.262058928998631924e+00 3.025535886134294916e+00 4.032479321813114304e+00 5.357484606625361856e+00
nan nan nan nan nan nan nan nan 1.000000000000292877e-01 1.313196678855518273e-01 1.737627641453424188e-01 2.279955807432229031e-01 3.028291052904360514e-01 3.875847299947067226e-01 5.103897844020405250e-01 6.734559542955921296e-01 7.334211535148881245e-01 9.474906037017353233e-01 1.261978893549294600e+00 1.689864791447583059e+00 2.269563728219073706e+00 3.042985396231983497e+00 4.066430034581576258e+00 5.414101187166030726e+00
nan nan nan nan nan nan nan nan nan 1.655493615558479847e-01 2.188772120329388615e-01 2.907370924609441465e-01 3.839450849183586589e-01 5.102071258009969190e-01 4.103819082810521435e-01 5.443983036101672779e-01 7.153049577008586679e-01 7.527888972952919699e-01 9.949980006359756546e-01 1.329626786539486183e+00 1.781183196263222968e+00 2.383980810915613535e+00 3.178547273310651011e+00 4.223055355204931693e+00
nan nan nan nan nan nan nan nan nan nan 1.778582998492171940e-01 2.351771384662736386e-01 3.113980023544896669e-01 4.125368934860814685e-01 5.443841863204622600e-01 4.188993502330048413e-01 5.518859919776583078e-01 7.252829865777526974e-01 7.487073880409017557e-01 9.950045619720421231e-01 1.329733756632291097e+00 1.782169643962480787e+00 2.383919069458444007e+00 3.178389265567202582e+00
nan nan nan nan nan nan nan nan nan nan nan 3.044691935259468130e-01 4.034728355541715716e-01 5.348803846697517406e-01 7.107203975151678010e-01 5.505093604133269869e-01 4.551043600649650189e-01 5.965258948095858438e-01 5.814390333371747266e-01 7.464939972196512619e-01 9.949507712177440011e-01 1.331193235468378866e+00 1.782477007623210152e+00 2.383957602893199024e+00
nan nan nan nan nan nan nan nan nan nan nan nan 3.142617685711347475e-01 4.163611162511559050e-01 5.497843822428262195e-01 7.274621599540828099e-01 5.874717288923169134e-01 7.767686064128002110e-01 7.466334188845927811e-01 5.643369842136575221e-01 7.455493726093568307e-01 9.949513288084385065e-01 1.331402440493070216e+00 1.782434985278562145e+00
nan nan nan nan nan nan nan nan nan nan nan nan nan 3.369686791246605528e-01 4.456845188138768288e-01 5.869345134603111136e-01 7.763017927915981664e-01 5.924741432656598361e-01 7.815299787567294709e-01 7.454556420489543145e-01 5.617609252928378316e-01 7.451186493425178137e-01 9.949131153906599634e-01 1.331397745420780154e+00
nan nan nan nan nan nan nan nan nan nan nan nan nan nan 3.402649869119435122e-01 4.506438975362369037e-01 5.935950469748442204e-01 7.815675040035522381e-01 5.930300716917457082e-01 5.794848791547614342e-01 4.956627055504653212e-01 5.607765201171596159e-01 7.450401180311844174e-01 9.949007522606881926e-01
nan nan nan nan nan nan nan nan nan nan nan nan nan nan nan 3.410108716091396763e-01 4.511634554468636482e-01 5.941365591455475270e-01 7.527411253299444160e-01 5.691367038970281955e-01 5.608194143986998670e-01 4.259251004042291511e-01 5.607631574853467749e-01 7.449638619939885631e-01
nan nan nan nan nan nan nan nan nan nan nan nan nan nan nan nan 3.616267418165447500e-01 4.771739751443603295e-01 6.258322307048765909e-01 7.528374174501845095e-01 6.448154196323218068e-01 5.615147330621882427e-01 6.693299470787587024e-01 5.614234649616048900e-01
nan nan nan nan nan nan nan nan nan nan nan nan nan nan nan nan nan 5.668017526789405069e-01 7.511080099415378131e-01 9.908967544194694499e-01 8.447093354518947494e-01 6.769729425631242359e-01 8.821646818749299124e-01 6.671398957994422174e-01
nan nan nan nan nan nan nan nan nan nan nan nan nan nan nan nan nan nan 6.392481647370170661e-01 8.453987070448963914e-01 1.111619237476881850e+00 8.432680398662003585e-01 8.989965454878999784e-01 8.823930472206821252e-01
nan nan nan nan nan nan nan nan nan nan nan nan nan nan nan nan nan nan nan 6.372820570415130836e-01 8.453676303736045172e-01 1.112760102001769003e+00 8.412901567370977274e-01 6.803888580682558862e-01
nan nan nan nan nan nan nan nan nan nan nan nan nan nan nan nan nan nan nan nan 6.377504683262334995e-01 8.453429215319990808e-01 1.112938815587341868e+00 8.440318579588682590e-01
nan nan nan nan nan nan nan nan nan nan nan nan nan nan nan nan nan nan nan nan nan 6.416314647833111229e-01 8.286114394876761269e-01 1.098193532538906059e+00
nan nan nan nan nan nan nan nan nan nan nan nan nan nan nan nan nan nan nan nan nan nan 6.234195746078509126e-01 8.285805666735760466e-01
nan nan nan nan nan nan nan nan nan nan nan nan nan nan nan nan nan nan nan nan nan nan nan 6.049104701607356249e-01
