0.32205352261283215	0.19502204438268567	0.5875860292595713	1.6664322519388253	1.2087052387158719	1.0961619161887635	1.1189878949525127	1.1232933615176839	1.1663125341014584	1.1614045046494608	0.8872270304768013	1.0899259919418358	0.9281560743363945	0.8557449682679446	1.009682494924401	1.0102992959683343	0.982634481063314	0.7855558871649402	1.0283367723837475	1.1219748310343218	1.0160034698175129	0.9890763927130297	0.9855678076111798	0.9820805352302556
0.3	0.3326922773676339	0.1983373430913533	0.590262446932111	0.9291405019794016	0.7779300704188394	0.6758183777027216	0.5655715975285772	1.0465278867329992	1.0799473393392778	0.9920134645356173	1.1247632149549522	1.031108736734412	0.8588657299960617	0.9828306419706783	0.9728161060124808	0.9035737791047903	1.0049350961019876	1.0253206538917157	0.9260972846350042	0.9465820410963518	0.7709839616512087	0.9300234370347199	0.9351570610067333
0.3	0.3	0.33271643618462593	0.19981858900315302	0.49253776173867975	0.9779125871739983	0.4860431449985523	0.4530304017420197	0.6317313336995108	1.3573133312676349	1.343192482795481	1.1487814389406876	1.0197630273937208	0.9664593245105436	1.0335104123961585	0.9629219030661565	0.9452734074678402	1.052441881678666	1.0583471243186717	0.9673014986473962	0.9417772195814411	0.8963526005841405	0.9069969634878279	0.9220407138601961
0.3	0.3	0.3	0.33281497722106324	0.28870588296824307	0.8144666466297368	0.6378590871075239	0.6334404727773196	0.6831396125921341	1.6861430602985803	1.417282616122676	1.497741614082938	1.2574793106405628	1.0536044393874635	1.0818384366963516	0.9800965665247515	0.9572412811047015	1.190133889785216	1.3939551000469526	1.0063197189704185	0.8265384737318308	0.8958026295210977	0.6570145603687972	0.8868096700365661
0.3	0.3	0.3	0.3	0.3332572671862582	0.28584016834704995	0.8237943638463268	0.6285104139352181	0.6290085180698067	1.4330536663414664	0.9151739440410995	1.552910987271822	1.3603957342225126	1.0724055643310502	1.1146741430767269	1.2522811423588442	1.1308934762616292	1.2659620621329908	1.5174232397686984	1.2727625508241291	1.2314656193534212	1.0292394990555809	1.047815459443698	1.0598082723776407
0.3	0.3	0.3	0.3	0.3	0.3334692911324616	0.44030457132724826	1.0764265575169079	0.8045672119373087	0.9747707657206726	1.4468356242360454	1.062398291750418	1.3616495316248733	1.0901344866293088	1.0557714622492094	1.3262111341960257	1.4358123417608366	1.253550569332402	1.1563449914659192	1.8274857290887494	1.5694450339127781	1.2273347439883162	1.2816396080645927	1.155216592218653
0.3	0.3	0.3	0.3	0.3	0.3	0.3328846417954089	0.4620551183055192	1.0571146180753916	1.1350638300340834	1.1539489898898423	1.465426140482027	1.4655721370506507	1.1965584884884626	0.9932475999520242	1.3191574124805119	1.657253291665063	1.4611280919332092	1.334834434096832	1.4684462580232827	1.817230918463599	1.3124478859274946	1.3259106492409192	1.3136108908550335
0.3	0.3	0.3	0.3	0.3	0.3	0.3	0.3335704793502373	0.7816832591032932	1.7831812371785476	1.3281797274849996	2.395006868267042	1.3742214658040022	1.9069041791572616	1.4306983812019807	1.2757464472670488	1.5471367615231637	1.4193933100746037	1.4607652892964331	2.086205344557885	1.9810618885516122	1.6280599620647582	1.4293243143215875	1.4752818085181774
0.3	0.3	0.3	0.3	0.3	0.3	0.3	0.3	0.4123418421877437	1.2340739809644372	2.326768918653036	2.372668084573734	2.728910605297452	2.0450022659021037	1.832607374283116	1.4089883503303067	1.3665698864038505	1.4562521258672751	1.5746874962260369	1.8482826624167648	2.36891869283751	2.151175052207223	1.5706034718696757	1.484061317249235
0.3	0.3	0.3	0.3	0.3	0.3	0.3	0.3	0.3	0.4750130169877109	1.4485561212188975	2.5955314694317755	2.827607797474837	2.632742369632802	2.194858379084321	1.9684419880792061	1.4436371746695	1.5489892281713207	1.5969178063093465	1.549160668386449	2.3134590430805577	2.8951248346322784	1.9670751412261895	1.3221260444359972
0.3	0.3	0.3	0.3	0.3	0.3	0.3	0.3	0.3	0.3	0.5782606839843615	1.7252641645322921	1.8385605543099817	2.7391955288736156	1.9696709678570556	2.233325929146652	1.5941495588469294	1.3307924461868905	1.875891676003891	1.7663519968870964	1.6217992479012244	2.8191585988340906	2.080099469122873	1.3763966692081857
0.3	0.3	0.3	0.3	0.3	0.3	0.3	0.3	0.3	0.3	0.3	0.579751520618156	1.3074569057792365	1.917040856124404	2.695382991229173	2.0172207564299165	2.186180023420629	1.446129310930701	2.1025338107012717	1.8733525565603655	1.6346876959414525	2.1563016411294624	2.141117370118393	2.1054011871467786
0.3	0.3	0.3	0.3	0.3	0.3	0.3	0.3	0.3	0.3	0.3	0.3	0.522820229299987	1.3436150472133843	2.097784195516886	2.0690383046248093	1.9287858698274574	2.2138504737326925	1.695528722570228	1.9572771180443738	2.0883975380604642	2.007781212116172	2.585578782585613	2.7251004040250204
0.3	0.3	0.3	0.3	0.3	0.3	0.3	0.3	0.3	0.3	0.3	0.3	0.3	0.5449450702498393	1.5495248755117044	1.714232773754869	1.9021817951818323	2.041969796212178	1.9306337261486513	1.8329777834229017	2.095020071219946	2.2999486535930806	2.392462062788072	2.8182268989748014
0.3	0.3	0.3	0.3	0.3	0.3	0.3	0.3	0.3	0.3	0.3	0.3	0.3	0.3	0.5190117545697966	1.2911199320709508	2.1272980152765943	1.7218614468085633	1.3518390626931587	1.5359705811381497	1.899502414154385	1.9365127397783113	1.85038012790446	2.8616044275606773
0.3	0.3	0.3	0.3	0.3	0.3	0.3	0.3	0.3	0.3	0.3	0.3	0.3	0.3	0.3	0.5860065008664546	1.4569620537019152	1.8090264842526642	1.5054561203771677	1.5812498242903845	1.7167116767606878	1.932461025824305	2.2002334152086904	2.4804755517045547
0.3	0.3	0.3	0.3	0.3	0.3	0.3	0.3	0.3	0.3	0.3	0.3	0.3	0.3	0.3	0.3	0.671078525998302	1.6538984726930877	1.531482115411552	1.6276628148987395	1.483228568199487	1.482139921206388	2.038083294793801	2.0108204414059703
0.3	0.3	0.3	0.3	0.3	0.3	0.3	0.3	0.3	0.3	0.3	0.3	0.3	0.3	0.3	0.3	0.3	0.8283235482223122	1.545521640953734	1.8438173555349089	1.5942651139968687	1.7733584458721205	1.72202889743751	1.743492132494321
0.3	0.3	0.3	0.3	0.3	0.3	0.3	0.3	0.3	0.3	0.3	0.3	0.3	0.3	0.3	0.3	0.3	0.3	0.794654859355956	1.5857774875740327	2.3549677361949852	1.3045218443966058	1.8053766916819713	1.8037018103369613
0.3	0.3	0.3	0.3	0.3	0.3	0.3	0.3	0.3	0.3	0.3	0.3	0.3	0.3	0.3	0.3	0.3	0.3	0.3	0.8808767159561017	1.785587704927077	1.8798593246273352	1.3638951329981928	1.7359274668271634
0.3	0.3	0.3	0.3	0.3	0.3	0.3	0.3	0.3	0.3	0.3	0.3	0.3	0.3	0.3	0.3	0.3	0.3	0.3	0.3	0.5998142804220709	0.6309430446497223	1.3421934431917582	1.3520883801725398
0.3	0.3	0.3	0.3	0.3	0.3	0.3	0.3	0.3	0.3	0.3	0.3	0.3	0.3	0.3	0.3	0.3	0.3	0.3	0.3	0.3	0.33367698940297946	0.45034115350506276	0.7453040846141472
0.3	0.3	0.3	0.3	0.3	0.3	0.3	0.3	0.3	0.3	0.3	0.3	0.3	0.3	0.3	0.3	0.3	0.3	0.3	0.3	0.3	0.3	0.3336955110630226	0.3972993055011061
0.3	0.3	0.3	0.3	0.3	0.3	0.3	0.3	0.3	0.3	0.3	0.3	0.3	0.3	0.3	0.3	0.3	0.3	0.3	0.3	0.3	0.3	0.3	0.3326169100433903