0.4777594460139997	0.4630390350322693	1.0431975764857435	1.4749430901594294	1.2288627896203808	1.1847474735000183	1.1726862826118465	1.1622426085946993	1.174298615456163	1.19764462465231	0.8482999856682548	1.0977151351071845	0.91767977038745	0.8256452085377954	1.0155343166097492	1.0276691540596798	0.98481832479396	0.7582917351820622	1.0261029039622478	1.1410220571130503	1.0199828728689668	0.986831014061476	0.9866788576026304	0.9872788436001331
0.3	0.3247978014643083	0.3455565243227137	0.88178630446642	1.035881502449618	1.0757613030378153	1.0484681309973252	0.9998403335311539	1.2044730073192755	1.147245292501539	0.9596341446084669	1.1588043975076328	1.051876019142985	0.8477232822509847	0.9675922537894774	0.9648221375695933	0.8744980910836517	0.9996921332099941	1.0385982677821062	0.8931373741003685	0.9557297589655345	0.7420479466493686	0.9251679074037336	0.9329669256471708
0.3	0.3	0.3195544707391545	0.31395533353861244	0.7276592547945931	1.0924169509441866	0.989352569997216	0.9861595726955441	0.9942742473674032	1.5593330147951325	1.3813946198940246	1.1651517055239375	1.0764148512902227	0.9976870164569788	1.0474974099718495	0.9676014175717877	0.9254746036676876	1.0429665111848991	1.032902745080638	0.9705606258794715	0.935560591661064	0.8868101471521999	0.9022302759605636	0.9340513563763777
0.3	0.3	0.3	0.31220498576434	0.5116175105319011	0.9736359552752649	0.9930069402208602	1.0939402075131905	1.1362746735475786	1.7486048921833328	1.5672772917098283	1.4587112267253868	1.3719306587190092	1.165894550298831	1.1106370022461332	0.9455022584267012	0.9416048444237352	1.145634180976568	1.254192784760631	0.9275010664415767	0.7790954800442136	0.8887609918767991	0.6313221291947845	0.8739450362331423
0.3	0.3	0.3	0.3	0.3220975580333472	0.3875871630423306	0.9430212157462473	0.8675813552104266	0.8355776111583098	1.5112083264208447	1.076061609607335	1.4223034605905034	1.3903524929645203	1.1604606447259846	1.1936904200675276	1.1906396017669998	1.1014367677984143	1.22401646376142	1.2675642535401765	1.077373166126645	1.1326869789423546	0.9704118905746633	1.0231337968504213	1.0623140230400783
0.3	0.3	0.3	0.3	0.3	0.33006194703834735	0.6135398508756071	0.979291289728209	0.8785401645774675	1.2339536122869805	1.2330538754543694	1.1086399468938577	1.2881132233902461	1.1438785177415594	1.1267750681156181	1.2907470173895126	1.399960198397955	1.2486095117280314	0.9449844027951622	1.3918392396565062	1.3215223994306522	1.0947974348136444	1.192077719672364	1.1152796458345302
0.3	0.3	0.3	0.3	0.3	0.3	0.31207362859920845	0.590149646388361	0.9552058413669323	1.3233491546083551	1.153529335029466	1.325618853919289	1.31212650357724	1.1251931765691023	0.9989625581495488	1.2942728521378069	1.5155770793390615	1.4079353594787558	1.2119189703283302	1.0236115640137664	1.443315845471251	1.0977042799130945	1.1511452979941623	1.2406869722878455
0.3	0.3	0.3	0.3	0.3	0.3	0.3	0.35670025780826725	0.8025412980249143	1.5678552191863313	1.2499118078488307	2.024932647000643	1.3462301941637247	1.6184669790683612	1.3977492246680965	1.276158504694956	1.3870751723178467	1.2856195075774515	1.3397330395643223	1.5488823673648877	1.4103065328079385	1.2876300498166093	1.2019773481065221	1.3001120157021342
0.3	0.3	0.3	0.3	0.3	0.3	0.3	0.3	0.48669033363659464	1.224429085976416	1.8800871410870017	2.0885652270506943	2.2205804892093153	1.9386905768900793	1.617325625595331	1.365815970269994	1.2718976412634067	1.2705889615753803	1.4250611448703978	1.5757655731081153	1.5379415779275276	1.537794872686181	1.2840861917764823	1.2329101965326557
0.3	0.3	0.3	0.3	0.3	0.3	0.3	0.3	0.3	0.5554916910998703	1.1831614199820306	2.020474963722461	2.2756019300770607	2.312027302749519	1.7989605302265312	1.7282111921016359	1.3698048073625255	1.264617182966578	1.3949205064097991	1.359619838399519	1.6624739905607366	1.9599685855767786	1.4661609190118468	1.0455439832831757
0.3	0.3	0.3	0.3	0.3	0.3	0.3	0.3	0.3	0.3	0.6831695772261482	1.3529297089387058	1.3266234637372136	2.004370695800753	1.8072329426555194	1.7327303887133811	1.347329671858162	1.1602543152633313	1.552203954202485	1.5390624687580612	1.282986295032667	1.9558613646322947	1.3792207272166057	1.024034526600241
0.3	0.3	0.3	0.3	0.3	0.3	0.3	0.3	0.3	0.3	0.3	0.6324368283280433	0.9682573436093656	1.4168099467571975	1.8444610368312373	1.83704666189018	1.7419991888555932	1.2554472064434883	1.6602334740081353	1.5436074294032491	1.33059789939875	1.5950482687257388	1.2443072006207205	1.4891654146935343
0.3	0.3	0.3	0.3	0.3	0.3	0.3	0.3	0.3	0.3	0.3	0.3	0.6784467641694791	1.0245384154981496	1.6658332887675522	1.4472363891170859	1.8031365332601057	1.839477130647952	1.4917807491416955	1.4570989261137048	1.6597251862832392	1.6069636139619718	1.7470412840261405	1.7920805462627696
0.3	0.3	0.3	0.3	0.3	0.3	0.3	0.3	0.3	0.3	0.3	0.3	0.3	0.8622468510922243	1.362266329598263	1.2176911878760974	1.4238314152275913	1.8131787172177158	1.6339669272968285	1.4754242596920843	1.5283396199459771	1.882295998594697	1.753639097235471	1.6998501223670808
0.3	0.3	0.3	0.3	0.3	0.3	0.3	0.3	0.3	0.3	0.3	0.3	0.3	0.3	0.6162574924318353	1.0162585688277055	1.6445344802639381	1.3550912008104643	1.0825672158090658	1.2440093616617802	1.3983467460404584	1.4501050049214572	1.3342862126489774	1.868114307880457
0.3	0.3	0.3	0.3	0.3	0.3	0.3	0.3	0.3	0.3	0.3	0.3	0.3	0.3	0.3	0.8359866395674317	1.080027741609235	1.1992392377347953	1.2699409766433936	1.292763394769298	1.4808278150224055	1.4444685862942752	1.734463452471176	1.8489559549765833
0.3	0.3	0.3	0.3	0.3	0.3	0.3	0.3	0.3	0.3	0.3	0.3	0.3	0.3	0.3	0.3	0.8922751184147627	1.30889744406085	1.0204845780486211	1.4644911982475863	1.2341556201508859	1.213899200907285	1.5868410191989573	1.4970245614634266
0.3	0.3	0.3	0.3	0.3	0.3	0.3	0.3	0.3	0.3	0.3	0.3	0.3	0.3	0.3	0.3	0.3	0.9833353669383241	1.1458041122644371	1.348493655860969	1.4471880080027724	1.550018341236214	1.443255274631488	1.289280986512801
0.3	0.3	0.3	0.3	0.3	0.3	0.3	0.3	0.3	0.3	0.3	0.3	0.3	0.3	0.3	0.3	0.3	0.3	0.8359479397406077	1.1847995888503502	1.8019824211717195	1.1857116571593305	1.5881764864329848	1.471822020472647
0.3	0.3	0.3	0.3	0.3	0.3	0.3	0.3	0.3	0.3	0.3	0.3	0.3	0.3	0.3	0.3	0.3	0.3	0.3	0.8812449141517124	1.4371942242290945	1.5951744288946452	1.2173008951604225	1.5051287808867153
0.3	0.3	0.3	0.3	0.3	0.3	0.3	0.3	0.3	0.3	0.3	0.3	0.3	0.3	0.3	0.3	0.3	0.3	0.3	0.3	0.6509642160274309	0.6343911705275954	1.1576983032588588	1.3323546851114383
0.3	0.3	0.3	0.3	0.3	0.3	0.3	0.3	0.3	0.3	0.3	0.3	0.3	0.3	0.3	0.3	0.3	0.3	0.3	0.3	0.3	0.3650016231882715	0.44761409558331355	0.6651410267963956
0.3	0.3	0.3	0.3	0.3	0.3	0.3	0.3	0.3	0.3	0.3	0.3	0.3	0.3	0.3	0.3	0.3	0.3	0.3	0.3	0.3	0.3	0.34875745581179374	0.5545622920080872
0.3	0.3	0.3	0.3	0.3	0.3	0.3	0.3	0.3	0.3	0.3	0.3	0.3	0.3	0.3	0.3	0.3	0.3	0.3	0.3	0.3	0.3	0.3	0.36026344485663775