8.977152585950201047e-01
3.707398460676736285e-01
6.819881966523556605e-01
8.465338803247107746e-01
9.072910153408563216e-01
1.065759609645206663e+00
1.138130538131426173e+00
1.174114694579211138e+00
1.325561684566580301e+00
1.243221817402181184e+00
1.215937598878928272e+00
1.213997789596925836e+00
1.204526536493440325e+00
1.254058180086687457e+00
1.212259656525323415e+00
1.226429432790026475e+00
1.215020261187357065e+00
1.244239371265419614e+00
1.212241525994728120e+00
1.211075039795171060e+00
1.202536850249493305e+00
1.207760138014724483e+00
1.199385932104704455e+00
1.256556217576014767e+00
1.000000000000000222e+00
1.445591978396696953e-01
5.238706082531245645e-02
1.364667659472161565e-01
3.374229333139298070e-01
6.894956266902375619e-01
4.521728847809612928e-01
4.972165867344154333e-01
1.187780586292090712e+00
1.115175810818739288e+00
1.381686522680391382e+00
1.240680602533653865e+00
1.255338592602829317e+00
1.187715529653410096e+00
1.249084201219670565e+00
1.217699791634740070e+00
1.224904229032053760e+00
1.218302106705261290e+00
1.240977889543074308e+00
1.207166570395297178e+00
1.279625223906579734e+00
1.281821402991702774e+00
1.199997801729730584e+00
1.216440430115341531e+00
1.000000000000000000e+00
9.999999999999998890e-01
7.150172887792842491e-02
7.468501795727815196e-02
1.914255593477124096e-01
4.689247096579723939e-01
2.813989750397915546e-01
3.356641494454965513e-01
5.308960017186324931e-01
6.718154346629559015e-01
9.385901007857486711e-01
1.004542488046934023e+00
1.104509989172963946e+00
1.114816372251645982e+00
1.193852407550717531e+00
1.172247510058691766e+00
1.242021452100183776e+00
1.268281981482183740e+00
1.258012765966772140e+00
1.213145702933635661e+00
1.197796344145574565e+00
1.265879569394641857e+00
1.273093631530203718e+00
1.224371101381081184e+00
9.999999999999998890e-01
9.999999999999993339e-01
9.999999999999994449e-01
2.353245322566992204e-01
1.033450025772454511e-01
3.835237286471904761e-01
4.098959941965177323e-01
4.442326713615702971e-01
3.133294577773258482e-01
7.135597889540130634e-01
7.457868216190428612e-01
8.549552082771495476e-01
1.047250199374802015e+00
1.026059469073199448e+00
1.040800460781793113e+00
1.192526654650936768e+00
1.218489154435468791e+00
1.264725781819267425e+00
1.442975287456475852e+00
1.342587958382227109e+00
1.236404390963430577e+00
1.194806522627578804e+00
1.195163298602762936e+00
1.252570088626496325e+00
1.000000000000000000e+00
1.000000000000000000e+00
9.999999999999997780e-01
1.000000000000000222e+00
1.784306438927057425e-01
1.770515886625076696e-01
4.733617719740330632e-01
4.146164498672501031e-01
5.183298527346599238e-01
6.788471429059170781e-01
5.126302605302923698e-01
7.188558882605136091e-01
9.247272730388300666e-01
9.752328148471517411e-01
1.113683112937372099e+00
1.061244377108627068e+00
1.083921212446941063e+00
1.250295413053472915e+00
1.516944797554231616e+00
1.497743063799342300e+00
1.324301869515697394e+00
1.275408295881817144e+00
1.251241776490157775e+00
1.229314966360965489e+00
1.000000000000000000e+00
1.000000000000000666e+00
9.999999999999991118e-01
9.999999999999998890e-01
1.000000000000000222e+00
1.727776050796823726e-01
9.429555050414234474e-02
4.587731795045114080e-01
3.723380174877340965e-01
5.180094908618316785e-01
9.380209522309493897e-01
9.596867412954727117e-01
9.354634972792557068e-01
9.034600985927111472e-01
9.031350889795369818e-01
1.082891206939488926e+00
1.065658670180779533e+00
1.122359808968022898e+00
1.394082059178877397e+00
1.687922164785353729e+00
1.533676692534467145e+00
1.402117250302014284e+00
1.276845801322460394e+00
1.254093888762065845e+00
9.999999999999998890e-01
1.000000000000000000e+00
1.000000000000001110e+00
9.999999999999942268e-01
9.999999999999994449e-01
1.000000000000000222e+00
2.640454349119359528e-02
-5.157756324534605889e-04
5.473362769330268884e-01
4.161558425487125734e-01
6.449301736797384832e-01
7.778420004724124759e-01
1.151176977458188588e+00
1.084284384075930197e+00
9.615191369146632860e-01
1.001103265652522945e+00
9.115695017685103707e-01
1.162186781774078748e+00
1.277833369082681525e+00
1.923943842308593721e+00
1.681141085329984630e+00
1.518740253341957835e+00
1.384939865967116823e+00
1.352895185010476453e+00
9.999999999999977796e-01
1.000000000000000222e+00
9.999999999999997780e-01
1.000000000000000222e+00
9.999999999999998890e-01
9.999999999999997780e-01
1.000000000000000000e+00
2.290508332049440501e-02
5.414744595413917283e-02
4.639612052356787419e-01
2.347378736192322901e-01
1.201265099737125919e+00
6.954544727083782352e-01
7.398453553907444746e-01
9.627661581697479765e-01
9.596279303448098652e-01
9.588444609742136082e-01
1.201294013389325510e+00
9.979211626866677509e-01
1.742077482383441511e+00
1.961535459123819214e+00
1.763512533086936562e+00
1.426672350764168540e+00
1.453500366487909812e+00
9.999999999999996669e-01
1.000000000000002887e+00
1.000000000000000222e+00
1.000000000000000222e+00
1.000000000000000222e+00
9.999999999999923395e-01
9.999999999999998890e-01
1.000000000000000000e+00
7.854001131042030737e-02
2.497018390489249562e-01
3.724968716199578700e-01
3.357507181075248814e-01
9.543022856863045966e-01
7.944038831269522039e-01
8.969995365983360891e-01
1.106819433069822223e+00
1.075693110838626732e+00
9.380014978212403154e-01
1.140983731952104563e+00
1.276000718883689711e+00
2.188919744301290660e+00
1.974490404613531203e+00
1.534967061581159031e+00
1.416356765232339665e+00
9.999999999999998890e-01
9.999999999999996669e-01
1.000000000000000222e+00
9.999999999999986677e-01
1.000000000000001110e+00
1.000000000000000222e+00
9.999999999999982236e-01
9.999999999999996669e-01
1.000000000000000222e+00
3.377858925428555703e-01
2.838963077574208071e-01
7.771519500719796802e-01
5.223701836615124439e-01
7.527834950305237749e-01
5.002677701250072273e-01
1.019802986925658406e+00
9.610341064204536154e-01
9.681814814215858878e-01
9.948242156912351364e-01
1.199013910036584640e+00
1.838275058680084229e+00
2.257214194839291643e+00
1.802606712896285934e+00
1.662917217898561173e+00
1.000000000000000222e+00
9.999999999999997780e-01
9.999999999999996669e-01
9.999999999999960032e-01
9.999999999999998890e-01
1.000000000000000222e+00
9.999999999999995559e-01
9.999999999999998890e-01
1.000000000000001776e+00
1.000000000000000666e+00
3.544476156137346678e-01
6.064875756011722796e-01
5.224491924835897860e-01
9.501543699098921048e-01
1.112350478006485011e+00
8.396839375048633647e-01
8.240391997119287382e-01
1.016936146530225793e+00
8.898153634945888957e-01
1.163730496804460390e+00
1.026051865770477578e+00
2.131115414640440964e+00
2.053297113456786338e+00
1.743034585215041954e+00
9.999999999999924505e-01
1.000000000000000444e+00
1.000000000000000000e+00
9.999999999999997780e-01
9.999999999999997780e-01
1.000000000000000000e+00
9.999999999999998890e-01
1.000000000000000000e+00
9.999999999999988898e-01
9.999999999999987788e-01
1.000000000000000000e+00
4.525061033247576026e-01
7.539936256185429952e-01
7.109702334739309570e-01
1.170677044116286369e+00
6.117167855311328450e-01
8.437055242554050150e-01
8.017168205240214895e-01
1.052281964513773316e+00
8.294133113866996032e-01
1.099395737320590483e+00
1.524223262641544396e+00
2.387261518093176438e+00
2.094866875709020526e+00
1.000000000000000000e+00
9.999999999999996669e-01
1.000000000000000000e+00
1.000000000000000666e+00
9.999999999999995559e-01
9.999999999999977796e-01
1.000000000000000888e+00
1.000000000000000000e+00
1.000000000000000000e+00
9.999999999999998890e-01
1.000000000000000666e+00
9.999999999999976685e-01
4.478588890947426404e-01
1.157109763189710261e+00
1.012516010871446825e+00
1.114255881340009857e+00
7.105754465915837814e-01
1.252939642682936894e+00
9.826843826957971650e-01
9.551158603957001780e-01
9.613794674950925101e-01
1.084224189301765673e+00
2.076860644469374240e+00
2.352574806400171692e+00
9.999999999999992228e-01
9.999999999999972244e-01
9.999999999999998890e-01
1.000000000000001776e+00
9.999999999999986677e-01
9.999999999999990008e-01
1.000000000000000000e+00
9.999999999999988898e-01
1.000000000000005773e+00
9.999999999999970024e-01
9.999999999999993339e-01
1.000000000000002887e+00
9.999999999999997780e-01
6.536201400866015199e-01
1.058225747218499269e+00
8.893722148708946840e-01
9.232410924720867440e-01
9.215962515368651964e-01
9.936746681394748038e-01
1.018139227124975621e+00
8.572268833158823709e-01
9.949307725372544819e-01
1.304762124498840103e+00
2.458519774162825300e+00
1.000000000000000444e+00
9.999999999999965583e-01
9.999999999999993339e-01
9.999999999999981126e-01
9.999999999999996669e-01
1.000000000000001554e+00
9.999999999999993339e-01
1.000000000000000666e+00
9.999999999999990008e-01
1.000000000000000666e+00
9.999999999999978906e-01
9.999999999999995559e-01
1.000000000000001776e+00
9.999999999999995559e-01
4.936445008924422173e-01
1.215556686172829748e+00
1.179075284247434574e+00
1.340501040108180719e+00
8.832618882361863433e-01
9.333533337275666808e-01
1.034081439162829907e+00
9.002216160095468656e-01
1.009588238673925664e+00
1.654689120242211597e+00
9.999999999999986677e-01
9.999999999999890088e-01
9.999999999999997780e-01
1.000000000000002665e+00
9.999999999999987788e-01
9.999999999999997780e-01
9.999999999999990008e-01
1.000000000000000222e+00
9.999999999999998890e-01
9.999999999999976685e-01
9.999999999999998890e-01
1.000000000000003331e+00
9.999999999999984457e-01
1.000000000000000222e+00
1.000000000000000222e+00
6.191475858037068791e-01
1.087883242105846415e+00
1.096524503467301903e+00
1.045492320578851109e+00
7.052121919079192836e-01
1.009395946117790821e+00
9.667991205861350412e-01
9.375892271165545688e-01
9.659370795893169603e-01
1.000000000000000000e+00
1.000000000000000000e+00
1.000000000000003109e+00
1.000000000000001998e+00
1.000000000000000222e+00
1.000000000000000222e+00
1.000000000000000666e+00
1.000000000000000444e+00
1.000000000000000000e+00
1.000000000000000444e+00
9.999999999999955591e-01
9.999999999999986677e-01
1.000000000000000444e+00
1.000000000000000666e+00
9.999999999999998890e-01
9.999999999999980016e-01
7.458574950161442896e-01
1.071288047238713848e+00
1.224608884929014208e+00
1.018676655662540842e+00
1.010887286063683055e+00
1.038992908354120503e+00
1.196621305560211956e+00
9.904114175751015381e-01
1.000000000000000000e+00
9.999999999999998890e-01
1.000000000000000666e+00
1.000000000000000222e+00
1.000000000000000444e+00
9.999999999999992228e-01
1.000000000000004219e+00
9.999999999999994449e-01
9.999999999999995559e-01
9.999999999999996669e-01
1.000000000000000222e+00
9.999999999999847899e-01
1.000000000000000222e+00
1.000000000000000444e+00
9.999999999999997780e-01
1.000000000000000222e+00
9.999999999999981126e-01
6.618515140353068427e-01
1.197303626451411862e+00
1.436344876003151416e+00
1.009084806948110202e+00
1.067929483939929591e+00
1.358219274894740147e+00
1.055066095524490155e+00
9.999999999999997780e-01
1.000000000000003331e+00
9.999999999999998890e-01
9.999999999999997780e-01
1.000000000000000000e+00
9.999999999999990008e-01
9.999999999999998890e-01
1.000000000000000000e+00
9.999999999999994449e-01
1.000000000000000000e+00
9.999999999999998890e-01
9.999999999999966693e-01
1.000000000000000444e+00
1.000000000000000000e+00
1.000000000000000222e+00
1.000000000000005995e+00
9.999999999999998890e-01
1.000000000000000222e+00
8.903820785455032194e-01
1.371016708202968060e+00
1.284438118165995402e+00
9.286250304419713109e-01
1.090447638454042023e+00
1.260380127115517057e+00
1.000000000000001554e+00
9.999999999999996669e-01
1.000000000000002665e+00
1.000000000000000444e+00
9.999999999999998890e-01
9.999999999999996669e-01
9.999999999999981126e-01
9.999999999999998890e-01
9.999999999999990008e-01
1.000000000000000000e+00
1.000000000000000222e+00
1.000000000000000000e+00
9.999999999999993339e-01
9.999999999999982236e-01
1.000000000000001998e+00
1.000000000000000222e+00
9.999999999999997780e-01
1.000000000000000222e+00
1.000000000000000222e+00
6.738539200566632248e-01
1.555716187667587569e+00
1.429889403822462768e+00
1.834684048498434583e+00
1.088157632189319823e+00
1.000000000000001776e+00
9.999999999999996669e-01
9.999999999999998890e-01
1.000000000000000444e+00
1.000000000000000000e+00
9.999999999999998890e-01
9.999999999999990008e-01
1.000000000000000000e+00
1.000000000000000000e+00
9.999999999999998890e-01
1.000000000000000000e+00
9.999999999999997780e-01
9.999999999999982236e-01
1.000000000000000444e+00
9.999999999999998890e-01
9.999999999999998890e-01
1.000000000000000000e+00
1.000000000000000000e+00
1.000000000000000000e+00
9.999999999999965583e-01
7.151083255934519434e-01
1.834684049249007520e+00
1.921498294666522888e+00
1.834684048538075318e+00
1.000000000000000000e+00
9.999999999999998890e-01
1.000000000000002220e+00
9.999999999999997780e-01
1.000000000000000000e+00
1.000000000000000000e+00
1.000000000000000000e+00
1.000000000000000000e+00
1.000000000000000000e+00
9.999999999999982236e-01
1.000000000000000000e+00
9.999999999999997780e-01
1.000000000000000666e+00
9.999999999999997780e-01
9.999999999999997780e-01
1.000000000000000000e+00
9.999999999999998890e-01
1.000000000000000222e+00
1.000000000000000000e+00
1.000000000000001554e+00
9.999999999999998890e-01
1.013785520514392191e+00
1.834684050074535833e+00
1.410941354278480553e+00
1.000000000000005773e+00
1.000000000000000222e+00
9.999999999999996669e-01
9.999999999999997780e-01
1.000000000000000666e+00
9.999999999999987788e-01
1.000000000000000222e+00
9.999999999999995559e-01
1.000000000000000000e+00
1.000000000000000666e+00
9.999999999999998890e-01
1.000000000000000000e+00
1.000000000000000888e+00
1.000000000000000000e+00
1.000000000000000000e+00
9.999999999999998890e-01
9.999999999999996669e-01
1.000000000000000000e+00
1.000000000000000444e+00
9.999999999999998890e-01
1.000000000000000000e+00
9.999999999999998890e-01
4.978187151818286305e-01
1.274205841875882150e+00
9.999999999999997780e-01
1.000000000000000000e+00
1.000000000000000000e+00
1.000000000000000222e+00
9.999999999999995559e-01
1.000000000000000000e+00
1.000000000000000000e+00
1.000000000000000000e+00
1.000000000000000000e+00
9.999999999999997780e-01
1.000000000000000000e+00
1.000000000000001110e+00
1.000000000000000000e+00
9.999999999999994449e-01
9.999999999999997780e-01
1.000000000000000444e+00
9.999999999999995559e-01
1.000000000000000666e+00
9.999999999999997780e-01
1.000000000000000000e+00
9.999999999999998890e-01
1.000000000000000666e+00
1.000000000000000000e+00
7.945658145919370918e-01
