3.745805618943824467e+00
3.721923154166417724e-01
4.787517133151252047e+00
3.946056707800179808e+00
4.080252463064257817e+00
4.453404915448746060e+00
4.691554818889091649e+00
4.861247935096223216e+00
5.089374182928791512e+00
4.996683186671226906e+00
4.929354585052519333e+00
5.031452329922687206e+00
4.978489074675216841e+00
4.940443612913207438e+00
4.991490533039116606e+00
5.019160162162366490e+00
4.982778895364407212e+00
4.974113103354753207e+00
5.061472604808865405e+00
4.983891000098321200e+00
5.007975065063427600e+00
5.060918777633062859e+00
4.968276910293244697e+00
4.997925191713125770e+00
9.999999999999998890e-01
6.698897272437843720e-01
-2.983103815109192439e-02
7.345536974086691595e-01
6.321980169382099835e-01
1.702356395305777426e+00
8.829070038443888047e-01
1.827340227673122097e+00
4.184450805330019563e+00
4.181973371668940231e+00
5.042528980305776898e+00
4.742420888966849546e+00
4.825873102365197731e+00
4.905966030514870013e+00
4.950514846411175895e+00
5.004239976496010378e+00
5.031090744656005143e+00
5.063460093213643987e+00
5.055908655282354225e+00
4.986937377824705919e+00
5.067269981521471678e+00
5.043527323338528490e+00
5.027825575171462447e+00
5.057892677614871602e+00
1.000000000000000000e+00
9.999999999999992228e-01
-1.063530439547401805e-02
2.287470950071531506e-01
5.242453901020585061e-01
1.076874476253120605e+00
1.563307647201497064e+00
3.614433861109336843e-01
7.155859365551323625e-01
1.656151877855993604e+00
3.061486667608666945e+00
3.322823702825775438e+00
3.970284918601599600e+00
4.160538522083794710e+00
4.548266603272012709e+00
4.720075592451324908e+00
4.916325651802999630e+00
4.999307231064898716e+00
5.020520286026664891e+00
5.018001898898550195e+00
5.013279756808029397e+00
5.021533430496533335e+00
4.981165313334051881e+00
5.053591764115474838e+00
9.999999999999998890e-01
1.000000000000000888e+00
1.000000000000000000e+00
-1.314895887848993861e-01
8.112840663351530979e-02
1.120318889644579707e+00
6.381522661878841207e-01
8.046492971527056115e-01
7.365846788674081103e-02
1.329461080230171843e+00
1.787479252746979386e+00
2.337547076376623068e+00
2.638832596304109046e+00
3.214435445851333562e+00
3.906100466748388733e+00
4.510839341461929664e+00
4.726420717957093842e+00
4.908809845310496911e+00
5.494190581591355205e+00
5.308610467946317968e+00
5.126401745380554154e+00
4.970217759115092448e+00
5.069462762251565557e+00
5.037383700714876511e+00
9.999999999999988898e-01
1.000000000000000000e+00
9.999999999999998890e-01
1.000000000000000444e+00
6.960117551475543118e-01
2.091073365349002955e-01
1.518213373990774162e+00
6.441170491673077203e-01
2.128642742001899180e+00
1.467791038092482570e+00
7.089438419319090690e-01
1.501385231968758838e+00
1.635226035584450344e+00
2.273195865592656961e+00
3.310672325349791389e+00
3.744415927914863662e+00
4.226734003386363625e+00
4.587183884483172491e+00
5.838534749770135868e+00
5.762790601909495436e+00
5.334354275611810081e+00
5.346734922770986387e+00
5.093947936751550110e+00
5.077999638871085075e+00
9.999999999999998890e-01
1.000000000000000666e+00
9.999999999999995559e-01
1.000000000000000222e+00
1.000000000000000000e+00
4.103083214687251040e-02
2.675022201959830967e-02
1.019092723510224285e+00
2.004265138656638745e-01
1.618423644263988548e+00
2.627721957167372224e+00
2.710631301142711003e+00
2.730061815905739486e+00
2.096487897494902608e+00
2.301026581562472639e+00
3.553893525964039402e+00
3.661758625713422255e+00
4.254599220734157861e+00
5.171583751488501690e+00
6.334125962568652568e+00
5.678791288912543145e+00
5.657744474328216810e+00
5.374163238095147399e+00
5.226839520800584005e+00
9.999999999999993339e-01
1.000000000000000666e+00
1.000000000000000666e+00
9.999999999999997780e-01
9.999999999999997780e-01
1.000000000000000666e+00
9.505639389313867704e-02
4.826246385065550981e-02
9.743220891894348590e-01
5.637346496436241861e-01
1.368670315737775089e+00
2.090951340444034745e+00
3.559212293653691628e+00
2.595867736530023340e+00
2.622849549933814917e+00
3.023471707561105504e+00
3.107371712460191837e+00
3.923233657103311955e+00
4.612243122612995627e+00
6.807556512087909795e+00
6.352794155273010723e+00
5.941875164733270154e+00
5.757457865556178334e+00
5.464113425236675425e+00
9.999999999999992228e-01
1.000000000000006661e+00
9.999999999999995559e-01
1.000000000000000222e+00
9.999999999999976685e-01
1.000000000000000222e+00
1.000000000000000222e+00
1.575516877834422236e-01
1.412414560620334951e-03
3.690591289329030467e-01
3.793313783638246339e-01
2.045750675029278209e+00
1.494961378630905280e+00
1.995425691971425497e+00
2.338494383976061908e+00
2.756053768842523510e+00
3.028747414278886829e+00
3.934922568944482890e+00
3.696631849334426345e+00
6.220231794444790019e+00
7.160245277746549952e+00
6.498048933997144339e+00
5.986405177780915743e+00
5.859079634584221097e+00
9.999999999999995559e-01
1.000000000000004441e+00
1.000000000000000888e+00
1.000000000000000222e+00
9.999999999999995559e-01
1.000000000000000000e+00
1.000000000000000666e+00
1.000000000000000666e+00
2.348834056627049569e-02
5.109545150254734408e-02
1.183519717815579436e-02
3.994444504934644563e-02
1.227483052351748594e+00
1.062460968130539030e+00
1.794861055444990416e+00
2.862613111085352990e+00
3.094815079449062534e+00
3.123505430587689258e+00
3.781425007591501686e+00
4.482784153973438102e+00
8.397254852702458194e+00
7.325347461178344233e+00
6.182758817789927086e+00
6.143809199281306199e+00
9.999999999999997780e-01
1.000000000000000000e+00
9.999999999999835687e-01
9.999999999999988898e-01
1.000000000000000222e+00
9.999999999999992228e-01
1.000000000000000888e+00
9.999999999999995559e-01
9.999999999999957812e-01
3.208505455512629112e-01
2.961375459284561890e-02
2.287591970270743236e+00
-1.365380411972182406e-01
1.024332046554479181e+00
2.525859173861932372e-01
1.005321981038808543e+00
2.387383754715361128e+00
2.796811663800661929e+00
3.440022771857949913e+00
4.192785492315738161e+00
6.354979626225857992e+00
8.670938421516868999e+00
6.890771970473795527e+00
6.661395154537778751e+00
9.999999999999981126e-01
1.000000000000002442e+00
1.000000000000007327e+00
1.000000000000009992e+00
9.999999999999961142e-01
1.000000000000008882e+00
1.000000000000001554e+00
1.000000000000006217e+00
1.000000000000000222e+00
1.000000000000006217e+00
1.228905329049889694e+00
1.576272721029190915e+00
7.861599147583784308e-01
1.564466679275769545e+00
2.062910694842822412e+00
1.688135013470076995e+00
8.743911473443390925e-01
2.412301867812812528e+00
2.662854619026026715e+00
3.894563180103564726e+00
3.990637043248376870e+00
7.908497457333119485e+00
7.809890708576952001e+00
6.653815628464486487e+00
1.000000000000006217e+00
1.000000000000000000e+00
1.000000000000006439e+00
9.999999999999990008e-01
9.999999999999873435e-01
1.000000000000000222e+00
1.000000000000010658e+00
1.000000000000002220e+00
9.999999999999928946e-01
9.999999999999952260e-01
1.000000000000006883e+00
1.312048134128725785e+00
2.625229755700900558e+00
2.747003955647107531e+00
2.259143496239198079e+00
2.931421601878103286e-02
5.766752856277272965e-01
1.375936187292561064e+00
2.625433291184247508e+00
2.446499701627383949e+00
3.827307615140907338e+00
5.719110054233324192e+00
8.736357294882957092e+00
7.604528642803928484e+00
1.000000000000004885e+00
1.000000000000000666e+00
9.999999999999930056e-01
1.000000000000000888e+00
1.000000000000001110e+00
1.000000000000003775e+00
9.999999999999983347e-01
9.999999999999950040e-01
1.000000000000008660e+00
9.999999999999976685e-01
1.000000000000003997e+00
9.999999999999976685e-01
9.842006856604434972e-01
3.939312810563350808e+00
3.797539731997215728e+00
2.722578237766966947e+00
9.955173329281004069e-01
9.516175573248998321e-01
2.186421723846384335e+00
2.454932747429913853e+00
3.130996286908120041e+00
3.816110070984053415e+00
7.365662471190732141e+00
8.763938756615273107e+00
1.000000000000001776e+00
1.000000000000003997e+00
1.000000000000002220e+00
9.999999999999984457e-01
1.000000000000000888e+00
9.999999999999994449e-01
9.999999999999988898e-01
1.000000000000000888e+00
1.000000000000002220e+00
9.999999999999995559e-01
1.000000000000004663e+00
9.999999999999995559e-01
9.999999999999970024e-01
2.587783598023924991e+00
3.698001620566986780e+00
3.322059345562050847e+00
2.459240465906303630e+00
2.633140541294412884e+00
1.378658210264734230e+00
2.620212532405125305e+00
2.398836674559820192e+00
3.155739589234278331e+00
4.554700908331408726e+00
9.120980618052310973e+00
9.999999999999973355e-01
1.000000000000001110e+00
9.999999999999998890e-01
9.999999999999954481e-01
1.000000000000000888e+00
9.999999999999996669e-01
9.999999999999995559e-01
1.000000000000003775e+00
1.000000000000002442e+00
1.000000000000000000e+00
1.000000000000000000e+00
9.999999999999993339e-01
9.999999999999997780e-01
1.000000000000001332e+00
1.377808010093867663e+00
4.224032047315772864e+00
3.949763836798513505e+00
4.027646645547900306e+00
2.730765407372981901e+00
2.283823216645093357e+00
2.829882534319456244e+00
2.838630719911826805e+00
3.424314808185390024e+00
6.206301944867706588e+00
9.999999999999985567e-01
9.999999999999982236e-01
1.000000000000000888e+00
9.999999999999992228e-01
1.000000000000000666e+00
1.000000000000003331e+00
9.999999999999992228e-01
9.999999999999995559e-01
9.999999999999983347e-01
9.999999999999990008e-01
9.999999999999995559e-01
1.000000000000000888e+00
1.000000000000000666e+00
9.999999999999981126e-01
9.999999999999995559e-01
2.070053166516066412e+00
4.102787878670614674e+00
4.019327631143529977e+00
2.990825975226460987e+00
2.065640048579215904e+00
2.945921697258822469e+00
3.049924392861701694e+00
3.159248437534248666e+00
3.804187059275486948e+00
9.999999999999997780e-01
9.999999999999997780e-01
9.999999999999976685e-01
1.000000000000000888e+00
9.999999999999985567e-01
9.999999999999985567e-01
9.999999999999986677e-01
9.999999999999998890e-01
1.000000000000000888e+00
9.999999999999992228e-01
9.999999999999956701e-01
9.999999999999986677e-01
1.000000000000001554e+00
9.999999999999997780e-01
1.000000000000000666e+00
1.000000000000004441e+00
3.426945229576435992e+00
4.225018496315839478e+00
3.998089082194925314e+00
3.259574532454104556e+00
3.195532659105105644e+00
3.212008421875999442e+00
3.813995294542678050e+00
3.374625705291396827e+00
1.000000000000000888e+00
1.000000000000000888e+00
1.000000000000000666e+00
1.000000000000000888e+00
9.999999999999991118e-01
1.000000000000000444e+00
9.999999999999987788e-01
1.000000000000000444e+00
1.000000000000000888e+00
9.999999999999976685e-01
9.999999999999990008e-01
9.999999999999983347e-01
9.999999999999995559e-01
9.999999999999995559e-01
9.999999999999972244e-01
9.999999999999986677e-01
9.999999999999998890e-01
2.338867917002469543e+00
4.432665747041183657e+00
4.665069147558769558e+00
3.666692113614831161e+00
3.321564825106638530e+00
4.200821140392839936e+00
3.773662181400514903e+00
1.000000000000000222e+00
9.999999999999987788e-01
1.000000000000000666e+00
1.000000000000000222e+00
9.999999999999978906e-01
9.999999999999967804e-01
1.000000000000000444e+00
1.000000000000000666e+00
9.999999999999993339e-01
1.000000000000000888e+00
1.000000000000000888e+00
1.000000000000000666e+00
9.999999999999868994e-01
1.000000000000000222e+00
1.000000000000000666e+00
1.000000000000002442e+00
9.999999999999990008e-01
1.000000000000000222e+00
3.444854553339941283e+00
4.859984724936900591e+00
4.474092943183959115e+00
3.019879787935499049e+00
3.622870180633386727e+00
4.447712956409861640e+00
1.000000000000002665e+00
9.999999999999990008e-01
9.999999999999992228e-01
1.000000000000000888e+00
1.000000000000000000e+00
1.000000000000000000e+00
9.999999999999995559e-01
9.999999999999986677e-01
1.000000000000001998e+00
9.999999999999985567e-01
1.000000000000000444e+00
1.000000000000003109e+00
9.999999999999982236e-01
1.000000000000000444e+00
1.000000000000000000e+00
9.999999999999986677e-01
1.000000000000000222e+00
1.000000000000000888e+00
1.000000000000002665e+00
2.950820776155444136e+00
5.150779361226453190e+00
4.695215746449344252e+00
3.375579969926266521e+00
3.720707765866707373e+00
1.000000000000000888e+00
1.000000000000000222e+00
9.999999999999992228e-01
1.000000000000001998e+00
9.999999999999958922e-01
9.999999999999997780e-01
9.999999999999991118e-01
1.000000000000000222e+00
9.999999999999998890e-01
9.999999999999986677e-01
1.000000000000001554e+00
9.999999999999853451e-01
9.999999999999995559e-01
9.999999999999988898e-01
1.000000000000000000e+00
9.999999999999985567e-01
9.999999999999994449e-01
9.999999999999993339e-01
9.999999999999998890e-01
1.000000000000000888e+00
2.953643981420442710e+00
3.375579973942463230e+00
3.374457334867250857e+00
3.375579969503379907e+00
1.000000000000000888e+00
9.999999999999990008e-01
1.000000000000002220e+00
1.000000000000000444e+00
1.000000000000000444e+00
9.999999999999998890e-01
9.999999999999986677e-01
1.000000000000000000e+00
1.000000000000003109e+00
1.000000000000000000e+00
9.999999999999998890e-01
1.000000000000005107e+00
9.999999999999986677e-01
1.000000000000002220e+00
9.999999999999995559e-01
1.000000000000000444e+00
1.000000000000000222e+00
9.999999999999960032e-01
1.000000000000005329e+00
9.999999999999968914e-01
1.000000000000000666e+00
4.350727008410870233e+00
3.375579973598622274e+00
4.547211679662511052e+00
9.999999999999960032e-01
1.000000000000008438e+00
1.000000000000000444e+00
1.000000000000000222e+00
1.000000000000001110e+00
9.999999999999786837e-01
1.000000000000008660e+00
1.000000000000000222e+00
9.999999999999962252e-01
1.000000000000000000e+00
1.000000000000001554e+00
1.000000000000000000e+00
9.999999999999995559e-01
1.000000000000000000e+00
9.999999999999995559e-01
1.000000000000001776e+00
1.000000000000006217e+00
1.000000000000000888e+00
9.999999999999933387e-01
1.000000000000000444e+00
9.999999999999997780e-01
9.999999999999995559e-01
1.411524855272517920e+00
4.614720474896587987e+00
9.999999999999996669e-01
9.999999999999935607e-01
9.999999999999956701e-01
1.000000000000001776e+00
1.000000000000004441e+00
1.000000000000000000e+00
1.000000000000000000e+00
1.000000000000001554e+00
9.999999999999998890e-01
1.000000000000000000e+00
1.000000000000011324e+00
1.000000000000001332e+00
1.000000000000000888e+00
9.999999999999957812e-01
9.999999999999997780e-01
1.000000000000000888e+00
1.000000000000000222e+00
9.999999999999995559e-01
1.000000000000011768e+00
1.000000000000000222e+00
9.999999999999998890e-01
1.000000000000000000e+00
9.999999999999994449e-01
3.386077611034881141e+00
