9.999999999999997780e-02 1.000000000001609601e-01 1.000000000024642288e-01 1.000000553554024618e-01 1.133683327949365216e-01 1.304107478111792284e-01 1.501884389493014504e-01 1.730922059431997395e-01 1.994522953684522149e-01 2.278967395853653821e-01 2.595110888120913950e-01 2.953456233503962691e-01 3.352052857853605738e-01 3.801448341845480305e-01 4.317800424541536897e-01 4.908687341085263833e-01 5.585014849339861032e-01 6.362279411464256684e-01 7.232387998088830594e-01 8.208412275948869796e-01 9.265846784952561643e-01 1.041848189116246992e+00 1.170734775400100958e+00 1.307709765613511710e+00
nan 9.999999999999997780e-02 1.000000000002919665e-01 1.000000022811181610e-01 1.120063961942433517e-01 1.304779161465624560e-01 1.494887121023910082e-01 1.712586201657081419e-01 2.004911612599188375e-01 2.319250066656973752e-01 2.655330824786198418e-01 3.029790185907687006e-01 3.459964027781178286e-01 3.954730672568046446e-01 4.520857762587789930e-01 5.196369480888690662e-01 5.974718794857744042e-01 6.863925243428338208e-01 7.861471033432448907e-01 8.965548447830861134e-01 1.019251326863708229e+00 1.158073807760501950e+00 1.315259166367749089e+00 1.501799136004538404e+00
nan nan 1.000000000000041966e-01 1.000000000007462697e-01 1.000005510050366864e-01 1.137773331641948049e-01 1.312980964306268428e-01 1.470498717851004278e-01 1.717199315440341989e-01 2.010767336248638903e-01 2.322408661335525482e-01 2.708624667413478404e-01 3.161557735878860464e-01 3.673688682054793153e-01 4.267183173148155761e-01 4.975657411124670970e-01 5.823834448855503831e-01 6.824575232090418497e-01 8.010572447046843125e-01 9.394722488512013969e-01 1.097316610478424437e+00 1.276252282484922507e+00 1.483795195446813597e+00 1.723320261900606276e+00
nan nan nan 1.000000000001902700e-01 1.000004560718573687e-01 1.156584882888193055e-01 1.353803264973824083e-01 1.580882896486625055e-01 1.851432488650311958e-01 2.186205916017466278e-01 2.557205647298886886e-01 2.992174463210784952e-01 3.513522290308727092e-01 4.110917889644493117e-01 4.807989959136061975e-01 5.635610378782255347e-01 6.636306735506308785e-01 7.831763069199874083e-01 9.239848892105008149e-01 1.084693267333297850e+00 1.266943264873327202e+00 1.476443366386423595e+00 1.717652083097833682e+00 2.003398121592265380e+00
nan nan nan nan 1.043349411663102577e-01 1.219961279976155000e-01 1.439762331806911932e-01 1.701980980833869284e-01 2.006304767122636390e-01 2.373925196454703679e-01 2.798742312955283529e-01 3.280773048459860730e-01 3.870630013665922187e-01 4.564667421019962257e-01 5.372707713039072130e-01 6.309403554324884977e-01 7.469749250143885577e-01 8.877773682986399573e-01 1.055436991085328291e+00 1.248611783374295570e+00 1.467952040610175146e+00 1.716824509285029166e+00 2.002145362242373938e+00 2.333600665487577608e+00
nan nan nan nan nan 1.352337286241659386e-01 1.586319027769603762e-01 1.881816592088206841e-01 2.233652815285894766e-01 2.649078253191082810e-01 3.148522581025120504e-01 3.713624815846875427e-01 4.373056454807057181e-01 5.155603556586808578e-01 6.068279239410195869e-01 7.139009247949311687e-01 8.439528172493148128e-01 1.005012658594578223e+00 1.200157189777314226e+00 1.431804757734389089e+00 1.697295499654658979e+00 2.002009865821939183e+00 2.334877256443236515e+00 2.729161183945061353e+00
nan nan nan nan nan nan 1.703238847723870242e-01 2.013001353154389994e-01 2.402662525973729979e-01 2.859947516392499223e-01 3.406843749332940652e-01 4.058927052552060433e-01 4.817097697979865201e-01 5.726378407335778187e-01 6.798683506714177094e-01 8.060886544702406953e-01 9.558431111593711504e-01 1.141637888100622611e+00 1.367696513036727790e+00 1.639948890890417399e+00 1.957055586461848407e+00 2.320442112895570119e+00 2.729431582811699286e+00 3.173171366920870984e+00
nan nan nan nan nan nan nan 2.080222303375302007e-01 2.466629682673616708e-01 2.948776177861941461e-01 3.509688054101397503e-01 4.195023426477805240e-01 4.982805801594317741e-01 5.911594483341905404e-01 7.041444449883303980e-01 8.384974276777551472e-01 9.980364487818415009e-01 1.193090696264314854e+00 1.431811131914946689e+00 1.723698018500095408e+00 2.071428593414948782e+00 2.477095772974284404e+00 2.941352765890977050e+00 3.467865924821072365e+00
nan nan nan nan nan nan nan nan 2.787502842543364556e-01 3.309497833283782109e-01 3.950005078869204267e-01 4.691806622471114130e-01 5.606948166977488990e-01 6.602583367502773415e-01 7.819482368741971223e-01 9.277950823302086869e-01 1.096483065239219901e+00 1.297748263583950123e+00 1.552950462569552492e+00 1.867565969467455123e+00 2.250354071473981143e+00 2.697264369334342327e+00 3.200401849223475370e+00 3.758632628288583799e+00
nan nan nan nan nan nan nan nan nan 3.916908104669253321e-01 4.642632532143343704e-01 5.538121013873386067e-01 6.559835801116237208e-01 7.803587214040467179e-01 6.907428028802281572e-01 8.176496546696493395e-01 9.542858100668004662e-01 1.108389500974474196e+00 1.314397150536485537e+00 1.575827282544628893e+00 1.894879119256833722e+00 2.270612616803832307e+00 2.705498124289534623e+00 3.199844291956251308e+00
nan nan nan nan nan nan nan nan nan nan 4.164572276626342662e-01 4.928870881037979990e-01 5.850842802274022203e-01 6.942987182174712446e-01 8.176698164713046557e-01 6.978239361935490992e-01 8.181870504262239718e-01 9.548006165826502523e-01 1.106246219222659644e+00 1.314509023182174996e+00 1.578046090450938355e+00 1.900368598392840003e+00 2.272599875261427371e+00 2.705777941953130927e+00
nan nan nan nan nan nan nan nan nan nan nan 4.938070902128438577e-01 5.838783999884585851e-01 6.920750188384651169e-01 8.187910182139955806e-01 6.969122015296377315e-01 7.122483504246607255e-01 8.278588748494773997e-01 9.510223371052842767e-01 1.100042435758848303e+00 1.315897233129741828e+00 1.580879351290970458e+00 1.900798617508301369e+00 2.274641145406671949e+00
nan nan nan nan nan nan nan nan nan nan nan nan 4.968148231545580495e-01 5.883498280764495325e-01 6.941135364823999288e-01 8.191396891927190671e-01 7.000873271378175167e-01 8.252610096492248859e-01 9.628759534194150094e-01 9.294709576177490051e-01 1.099442102682564482e+00 1.315752779103063208e+00 1.582608504634182456e+00 1.900789809933730812e+00
nan nan nan nan nan nan nan nan nan nan nan nan nan 4.987610549808764171e-01 5.890064184045286089e-01 6.947879644770068586e-01 8.176445477041088816e-01 7.033454088721687869e-01 8.230852733105628039e-01 9.421849177460724922e-01 9.235587294673107683e-01 1.098184563124944724e+00 1.316068424000152781e+00 1.582605337542279056e+00
nan nan nan nan nan nan nan nan nan nan nan nan nan nan 4.994440865029999843e-01 5.901030627777471560e-01 6.948946183631669049e-01 8.176031582952761889e-01 7.136383173942669744e-01 8.104557558183828059e-01 7.969010808800963686e-01 9.240900621954971639e-01 1.097268965981945232e+00 1.315814655536536204e+00
nan nan nan nan nan nan nan nan nan nan nan nan nan nan nan 5.013318428818122063e-01 5.910749107825664650e-01 6.956408755435413704e-01 8.083289480744623168e-01 6.918725486638032107e-01 8.024586430943533299e-01 7.860070662597867797e-01 9.241954501970889302e-01 1.097161147813237925e+00
nan nan nan nan nan nan nan nan nan nan nan nan nan nan nan nan 5.034683769064071113e-01 5.920092414433965056e-01 6.951168314409345017e-01 7.993415116198755443e-01 7.045102699050608264e-01 8.088395815752059681e-01 7.852978135808333926e-01 9.236176209138967641e-01
nan nan nan nan nan nan nan nan nan nan nan nan nan nan nan nan nan 6.028383106707756456e-01 7.101458381927946428e-01 8.333655300510464103e-01 7.276969580051958486e-01 8.213053986744353052e-01 9.118862194044151659e-01 7.850326455202044640e-01
nan nan nan nan nan nan nan nan nan nan nan nan nan nan nan nan nan nan 6.062133605025644689e-01 7.119203200313656277e-01 8.320132910309930852e-01 7.140055440584517354e-01 8.171094065430651865e-01 9.176238267231403567e-01
nan nan nan nan nan nan nan nan nan nan nan nan nan nan nan nan nan nan nan 6.048977986201086177e-01 7.120301682929787157e-01 8.331370132579475341e-01 7.122576497146789754e-01 8.253076998188230151e-01
nan nan nan nan nan nan nan nan nan nan nan nan nan nan nan nan nan nan nan nan 6.054037080127468995e-01 7.119909756951122715e-01 8.318443640114950854e-01 7.138593559774745190e-01
nan nan nan nan nan nan nan nan nan nan nan nan nan nan nan nan nan nan nan nan nan 6.098248086730492235e-01 7.061787979433159501e-01 8.293188811389667903e-01
nan nan nan nan nan nan nan nan nan nan nan nan nan nan nan nan nan nan nan nan nan nan 5.970112564195936278e-01 7.061686578577134332e-01
nan nan nan nan nan nan nan nan nan nan nan nan nan nan nan nan nan nan nan nan nan nan nan 5.907991582546766596e-01
